0,0.14500000000000,0.23500000000000,0.32500000000000,0.41500000000000,0.50500000000000,0.59500000000000,0.68500000000000,0.77500000000000,0.86500000000000,0.95500000000000,1.04500000000000,1.13500000000000,1.22500000000000,1.31500000000000,1.40500000000000,1.49500000000000,1.58500000000000,1.67500000000000,1.76500000000000,1.85500000000000,
100,0.31280116154592,0.33123281888918,0.34032086602611,0.31641470692827,0.28297514754382,0.26578397803831,0.29523382072456,0.39092683966439,0.57039156809027,0.85482152332721,1.21933080192141,1.60085594914825,1.94734152009568,2.22327086928961,2.38598897522038,2.36012181584526,2.18177398302865,1.98297588047166,1.79846174303930,1.68196960059418,
200,0.18825070319232,0.16763838380781,0.15853274128031,0.15795058501751,0.17008677184519,0.21617673738589,0.30327510519333,0.43107957192227,0.61430513893343,0.87799555010070,1.21241975188612,1.56800470602982,1.90494281203780,2.20239424712914,2.45057589797155,2.66344419938991,2.84739780315080,2.91620446409994,3.45577748516203,3.12818917677479,
300,0.02027727582792,0.02021328035589,0.04297140695449,0.06434202877957,0.10429663138222,0.16684234857726,0.25547163366481,0.38080457740353,0.56397395876390,0.83656200516779,1.18816761930674,1.56414068694800,1.92228967288438,2.24439356030672,2.51459809093616,2.73298662031167,2.90835891951109,3.04857497513811,3.12370567650496,3.11031813987117,
400,0.03357797094156,0.04125113513258,0.05872182898063,0.07943724636626,0.11329157644627,0.15449761392414,0.22343713594639,0.33086519010357,0.50782144159494,0.78471628497118,1.14422039154167,1.52571292667432,1.88608349721115,2.20498488045739,2.47264754428994,2.69293662629737,2.86156557304989,2.98670404977054,3.07910341318530,3.09726717694355,
500,0.11290083539455,0.12189063144056,0.13783321024867,0.15200520929721,0.17468744095820,0.21218785386317,0.27797719472722,0.38682026185154,0.56628162412815,0.83972721019365,1.19022759133487,1.56019826787877,1.90634002186773,2.20792331508113,2.45664136169134,2.65883791654521,2.81309254363588,2.92740562997910,3.01382949819763,3.03056541748063,
600,0.16266113943443,0.16504351256082,0.18072997350218,0.19628612850363,0.21857658145059,0.25683880991548,0.32438250342339,0.43474346523256,0.61172461494606,0.88139527634003,1.22834857266470,1.59725385943769,1.94514897266329,2.25092006913787,2.50583468583702,2.71410413101838,2.87397566816964,2.98976526632021,3.07422446233671,3.07995584098582,
700,0.14848015733906,0.14584088525245,0.15941943986285,0.17516069522189,0.19877880369849,0.23805911747255,0.30662836863535,0.41931057123376,0.59973564158364,0.87436181186696,1.22706607212692,1.60230102145933,1.95762486480069,2.27191001957424,2.53599504877187,2.75332089762773,2.92116717605404,3.04354341345445,3.13312611563018,3.14335012770664,
800,0.10943445683695,0.10803479425525,0.12327626455167,0.14052600628667,0.16736715988108,0.21003866309503,0.28149855643201,0.39609269243948,0.57788843517829,0.85371626349738,1.20742758540660,1.58299492635547,1.93818588129280,2.25239531169924,2.51682583011679,2.73548950183162,2.90567902809867,3.03234934061167,3.12746487140662,3.14622169607140,
900,0.09516184404625,0.09589686665923,0.11169486277725,0.12923365165754,0.15704827319759,0.20003074320015,0.27149562086439,0.38528485345926,0.56628270553008,0.84149862204042,1.19477660863712,1.56954493667897,1.92335260203794,2.23576783608482,2.49796001350523,2.71427184876032,2.88191716322210,3.00647903647198,3.09952493315460,3.11751110425033,
1000,0.11078899745762,0.11228612673066,0.12713036083915,0.14389173607741,0.17060386500268,0.21201501561221,0.28134217229539,0.39270072900873,0.57163239403607,0.84501713900213,1.19674335584424,1.57008575910768,1.92227373377501,2.23268843535299,2.49242906284634,2.70594898096555,2.87059946350513,2.99214696413555,3.08241094398060,3.09769561762558,
1100,0.12791515237155,0.12864762388723,0.14296238354854,0.15965403793726,0.18582358754463,0.22664358784220,0.29496303839440,0.40553630150812,0.58386352284556,0.85676487368014,1.20802107742043,1.58112821912111,1.93320057783002,2.24330985029754,2.50247802438710,2.71498287482406,2.87838524498931,2.99827674577219,3.08675551174733,3.09963877264618,
1200,0.12953901351955,0.12917179044694,0.14290187135463,0.15958183047230,0.18592209181098,0.22691518612505,0.29542513801749,0.40664006139512,0.58586527064897,0.85993987680464,1.21234587738485,1.58665275888793,1.94010656530465,2.25172871815816,2.51256792409842,2.72669560270623,2.89176711466451,3.01301986801564,3.10269753114738,3.11595055119521,
1300,0.12022699390085,0.11974697176655,0.13357284824335,0.15054952429818,0.17768496085622,0.21946151526812,0.28867571262880,0.40058748446149,0.58055021302255,0.85541220473692,1.20851776622448,1.58335509879819,1.93729495024614,2.24952301541971,2.51119595500876,2.72645926382649,2.89298023631159,3.01596920364803,3.10754438380864,3.12292565515121,
1400,0.11375612761076,0.11378084463270,0.12779252855861,0.14493631095370,0.17257140616936,0.21468447811709,0.28411490531588,0.39603697410448,0.57601202743072,0.85089840224177,1.20401131813347,1.57869696948988,1.93231835393458,2.24417575881822,2.50545997685761,2.72045422113179,2.88679278277967,3.00983781265127,3.10156165054766,3.11757245131368,
1500,0.11559001114093,0.11598087846224,0.12979823454240,0.14682472228929,0.17440455177341,0.21628971003530,0.28529730349622,0.39663841780337,0.57610898517055,0.85054789529883,1.20327444899165,1.57755619120403,1.93067277333176,2.24190983285169,2.50244364288801,2.71662533735630,2.88210245401445,3.00432789757881,3.09529078611869,3.11069272303345,
1600,0.12050302529936,0.12089340043533,0.13438833749864,0.15127390327976,0.17871093611745,0.22038934912767,0.28898259494277,0.39988415728990,0.57900338809350,0.85318240193870,1.20570805971689,1.57985453120231,1.93283950466656,2.24386383878722,2.50407640923112,2.71780252397683,2.88274615328310,3.00433918937190,3.09465818747520,3.10928261353158,
1700,0.12240086873496,0.12262296378466,0.13585362911865,0.15267165661793,0.18015410682039,0.22188054889170,0.29040244338270,0.40128547506005,0.58046946597184,0.85483015754151,1.20756952574483,1.58196884618869,1.93524800144693,2.24656085932792,2.50705217090852,2.72099201139110,2.88613729848841,3.00784157218770,3.09824386269903,3.11274858245735,
1800,0.12062566773994,0.12082030854370,0.13396018420389,0.15080157695699,0.17850732429477,0.22045501972719,0.28912501905669,0.40016115119311,0.57954677685364,0.85418629899854,1.20720705815568,1.58185891688190,1.93538870428217,2.24697075109018,2.50777257601285,2.72205987317331,2.88761713570502,3.00976871537270,3.10064485005082,3.11561243567495,
1900,0.11842749137461,0.11877864154825,0.13190898717311,0.14877936725882,0.17668903092150,0.21880107537420,0.28756466595100,0.39863495082328,0.57807859461004,0.85281331398322,1.20592912937261,1.58062441014013,1.93415082822416,2.24571797715398,2.50651263439937,2.72083594406780,2.88648064110211,3.00880114525590,3.09989033431637,3.11519349689271,
2000,0.11817239617667,0.11870753217945,0.13176697765433,0.14860141210471,0.17657742049373,0.21870648705725,0.28739921697746,0.39832715616723,0.57765460407627,0.85230529320511,1.20535556413911,1.57996423800447,1.93336117840751,2.24476210090717,2.50535634018456,2.71947415390737,2.88491787531603,3.00707525621161,3.09803068588952,3.11328112000514,
2100,0.11931357568312,0.11995190025713,0.13287765785996,0.14963899291625,0.17760900945091,0.21970949675893,0.28827840650225,0.39903755688066,0.57822654949559,0.85278327299047,1.20576972565419,1.58032764173627,1.93366138281103,2.24496529338114,2.50542149131407,2.71936194088070,2.88460863490713,3.00655427196667,3.09730471881599,3.11233993563472,
2200,0.12013169945317,0.12080806411107,0.13360451807651,0.15030397195252,0.17829380692437,0.22041844562421,0.28893417186311,0.39962110762329,0.57876601053627,0.85333182954397,1.20635444861340,1.58096601434988,1.93435964994338,2.24570852984618,2.50619022556786,2.72012299671350,2.88535148416139,3.00725332858964,3.09795761528219,3.11289926047271,
2300,0.11992373241698,0.12064645005875,0.13336307140287,0.15003007352962,0.17808950479779,0.22029292670093,0.28883219920797,0.39952461676754,0.57869516281545,0.85333221789102,1.20644310670674,1.58114373229546,1.93462736571606,2.24606299633343,2.50663125896799,2.72064382498555,2.88596244418273,3.00795535662867,3.09875734288061,3.11378326961787,
2400,0.11928909940621,0.12010087143938,0.13277495592629,0.14942223779233,0.17755967831065,0.21984096791407,0.28841301969624,0.39910729442246,0.57829199021372,0.85297418848277,1.20614133294629,1.58088704554910,1.93440364502714,2.24586593303832,2.50645997658735,2.72050366907713,2.88586905308111,3.00793069659403,3.09881646341507,3.11395547656239,
2500,0.11900922585514,0.11992808363575,0.13255839699537,0.14917543082394,0.17735876470887,0.21968079032097,0.28824862172294,0.39890123835946,0.57805348582885,0.85272645071560,1.20589721292106,1.58063918401644,1.93413695466847,2.24556725307989,2.50611811200399,2.72011635718761,2.88544190455420,3.00748116123983,3.09835793590046,3.11352035528218,
2600,0.11919416516346,0.12020358070381,0.13277462801888,0.14934875577995,0.17754839485450,0.21988726106463,0.28842650117913,0.39901782113661,0.57811732329041,0.85276096183716,1.20591896146083,1.58065108751126,1.93413121146385,2.24552983995356,2.50603313770518,2.71997054904593,2.88523107213104,3.00720723941016,3.09802740849806,3.11314266787980,
2700,0.11944539122070,0.12052179202291,0.13303150214344,0.14956258533232,0.17777487796828,0.22013554981273,0.28865631070140,0.39920476753622,0.57826876017878,0.85290203173266,1.20606661129211,1.58081280769501,1.93430646245296,2.24570933398383,2.50620508613293,2.72011984622664,2.88535256667288,3.00729529196792,3.09808398127512,3.11316111080060,
2800,0.11945981111310,0.12059527362671,0.13305725777058,0.14955415908396,0.17778984604796,0.22018639022897,0.28871098449051,0.39924283140991,0.57829525474342,0.85294020359881,1.20613051418232,1.58090700670151,1.93443137979460,2.24586017580425,2.50637628873085,2.72030240255673,2.88554613512048,3.00749845642995,3.09829933968873,3.11338552826513,
2900,0.11929304160610,0.12049313263252,0.13292222474271,0.14939216734814,0.17765604605457,0.22009128370281,0.28862871740445,0.39915212414323,0.57819868980438,0.85285617311666,1.20607005362198,1.58087047908385,1.93441620008371,2.24586236003157,2.50639235614066,2.72032867300217,2.88558532165696,3.00755578789425,3.09837972326176,3.11349727357897,
3000,0.11915923783325,0.12042808120163,0.13282972952718,0.14927340700920,0.17755845135522,0.22002309064503,0.28856684095817,0.39907414926218,0.57810562908199,0.85276229200123,1.20598535482555,1.58079478697517,1.93434524602411,2.24579086629618,2.50631515578601,2.72024219729123,2.88549089452991,3.00745961096798,3.09828697122959,3.11342043073792,
3100,0.11915376488859,0.12048658402991,0.13285949937865,0.14927476671216,0.17757087647130,0.22005529919213,0.28859720119001,0.39908162476054,0.57809046691300,0.85273703409403,1.20596030356819,1.58077213956358,1.93432211977761,2.24576153835156,2.50627292722696,2.72018095679306,2.88540906353347,3.00735966314490,3.09817227707238,3.11329876792965,
3200,0.11920638776052,0.12059392105610,0.13293799212976,0.14932495354948,0.17762765704805,0.22012941762046,0.28866934825336,0.39913379207073,0.57812231824129,0.85276063512680,1.20598590980335,1.58080381678116,1.93435932410698,2.24579974560433,2.50630613744934,2.72020194632644,2.88541509010759,3.00735004465091,3.09814858117623,3.11326310846359,
3300,0.11921847375148,0.12065406659830,0.13297344991886,0.14933522886783,0.17764557152490,0.22016678754466,0.28871015155012,0.39916251508701,0.57813792088726,0.85277424687974,1.20600677201933,1.58083576072023,1.93440280405630,2.24585183721391,2.50636274253521,2.72025715742221,2.88546702337246,3.00739805601327,3.09819376378267,3.11330658967251,
3400,0.11917282018837,0.12065414776594,0.13295451490795,0.14929470446912,0.17761402057647,0.22015543525577,0.28870599392514,0.39915116762372,0.57811762939544,0.85275435418158,1.20599515306845,1.58083499395064,1.93441289020466,2.24587063267497,2.50638738918632,2.72028365397244,2.88549458608213,3.00742771319328,3.09822700607384,3.11334697596892,
3500,0.11911788323645,0.12064378129289,0.13292883031255,0.14924944406351,0.17757622412198,0.22013518951605,0.28869230569309,0.39913020404616,0.57808712512067,0.85272179640988,1.20596745907703,1.58081409734925,1.93439820952685,2.24586001254463,2.50637804954674,2.72027237739713,2.88548066372640,3.00741294280161,3.09821305222077,3.11333908565615,
3600,0.11909296400096,0.12066052615658,0.13293156732878,0.14923332801995,0.17756442240290,0.22013721928196,0.28869848586666,0.39912763089875,0.57807326228763,0.85270289002072,1.20594997517171,1.58080027346080,1.93438762293780,2.24585045590972,2.50636647717613,2.72025530858491,2.88545673965491,3.00738324770446,3.09817882246561,3.11330479733528,
3700,0.11909276626112,0.12069751157842,0.13295533316665,0.14923907012028,0.17757226051401,0.22015668465247,0.28872115661665,0.39914202046059,0.57807668600844,0.85270089979412,1.20594869275060,1.58080242627135,1.93439342306416,2.24585803721005,2.50637296790940,2.72025697386638,2.88545176701158,3.00737168311144,3.09816128622112,3.11328399474351,
3800,0.11909072254342,0.12072843321595,0.13297467748141,0.14924197751481,0.17757676838504,0.22017228120421,0.28874085502479,0.39915574440781,0.57808162657307,0.85270200512085,1.20595154729560,1.58080977556708,1.93440591847464,2.24587436467253,2.50639085761758,2.72027303770949,2.88546430869247,3.00738042121763,3.09816650916787,3.11328751760682,
3900,0.11907405059243,0.12074178619614,0.13297869061747,0.14923145250635,0.17756799264815,0.22017427058459,0.28874800653797,0.39915902161571,0.57807811375012,0.85269588782866,1.20594773468956,1.58081062322897,1.93441208160333,2.24588493020513,2.50640411665665,2.72028627952270,2.88547619815201,3.00739099228672,3.09817603702757,3.11329807034640,
4000,0.11905087272389,0.12074648776085,0.13297593439005,0.14921570898155,0.17755365181524,0.22016962373542,0.28874853409341,0.39915643349917,0.57806944323145,0.85268450882372,1.20593795426680,1.58080443414030,1.93440996982052,2.24588612990905,2.50640716758457,2.72028896404536,2.88547736419725,3.00739096873016,3.09817513675436,3.11329879316953,
4100,0.11903362168695,0.12075487151790,0.13297799145610,0.14920584994200,0.17754429250639,0.22016841891958,0.28875175164903,0.39915649977781,0.57806341113628,0.85267509531768,1.20592903134159,1.58079788617122,1.93440624605305,2.24588451738807,2.50640626280775,2.72028671194628,2.88547255382402,3.00738384395690,3.09816591424055,3.11328984851130,
4200,0.11902486282155,0.12076915391389,0.13298667580327,0.14920352579574,0.17754163591041,0.22017264254391,0.28875978099305,0.39916156308270,0.57806262880649,0.85267072955114,1.20592461467995,1.58079532861064,1.93440612286850,2.24588623392770,2.50640851606672,2.72028749832435,2.88547057188183,3.00737905055088,3.09815834103657,3.11328132660170,
4300,0.11901868124252,0.12078345067200,0.13299616073542,0.14920301482588,0.17754042851889,0.22017757177311,0.28876841150223,0.39916792692224,0.57806393273187,0.85266888250693,1.20592280457119,1.58079541915141,1.93440881717799,2.24589112499127,2.50641451689547,2.72029276527353,2.88547384335174,3.00738011301161,3.09815708673663,3.11327913861501,
4400,0.11900995249297,0.12079303942644,0.13300186518286,0.14919981531406,0.17753648818326,0.22017927076584,0.28877391648573,0.39917196052295,0.57806379640008,0.85266613680165,1.20592026735090,1.58079478578486,1.93441080868336,2.24589550160562,2.50642042844601,2.72029863915144,2.88547855877059,3.00738348648068,3.09815896818038,3.11328078741379,
4500,0.11899907091408,0.12079870679050,0.13300450826618,0.14919455298380,0.17753042269985,0.22017825919035,0.28877662549671,0.39917367426810,0.57806192387274,0.85266188943301,1.20591611328424,1.58079222399859,1.93441049960039,2.24589729920075,2.50642364293611,2.72030195217141,2.88548097576405,3.00738491334323,3.09815925797434,3.11328122811802,
4600,0.11898926569423,0.12080383934977,0.13300724734666,0.14919020662280,0.17752506870303,0.22017724821644,0.28877900584942,0.39917522516596,0.57806017831463,0.85265775643256,1.20591176910178,1.58078903066822,1.93440906619400,2.24589752423316,2.50642492087338,2.72030312522123,2.88548110781652,3.00738392315061,3.09815698332413,3.11327889814874,
4700,0.11898217961222,0.12081009431914,0.13301154968122,0.14918812041590,0.17752174587170,0.22017760278579,0.28878238784181,0.39917789299966,0.57805980074119,0.85265501262983,1.20590859451641,1.58078670717128,1.93440819647274,2.24589805059791,2.50642630578039,2.72030430904841,2.88548118087135,3.00738274198618,3.09815434263607,3.11327583889349,
4800,0.11897681880928,0.12081653821573,0.13301642219343,0.14918726590570,0.17751953792105,0.22017857063700,0.28878614481777,0.39918115761029,0.57806038095699,0.85265341244492,1.20590653122575,1.58078538614703,1.93440822967531,2.24589943986261,2.50642860262526,2.72030655526103,2.88548251336164,3.00738296084537,3.09815320245479,3.11327417979783,
4900,0.11897155575018,0.12082170803554,0.13302040662697,0.14918617273610,0.17751709159386,0.22017892664051,0.28878915116087,0.39918394535246,0.57806089580535,0.85265200698521,1.20590471226687,1.58078425637441,1.93440838846269,2.24590094707354,2.50643110817960,2.72030922749247,2.88548456537547,3.00738418871985,3.09815334639140,3.11327396034155,
5000,0.11896595445334,0.12082535869198,0.13302323241045,0.14918452389402,0.17751412249881,0.22017841730762,0.28879114395751,0.39918592469861,0.57806094319953,0.85265033520325,1.20590263128757,1.58078275401737,1.93440802577070,2.24590182190802,2.50643295038907,2.72031133227668,2.88548622570427,3.00738522826177,3.09815351074430,3.11327391762260,
5100,0.11896067201107,0.12082828322656,0.13302561860329,0.14918296151092,0.17751124658519,0.22017764788371,0.28879267090587,0.39918753987666,0.57806086262539,0.85264865062761,1.20590048020513,1.58078102353877,1.93440723386172,2.24590208498216,2.50643405138791,2.72031266676131,2.88548714864697,3.00738558155821,3.09815304699699,3.11327325447053,
5200,0.11895631347302,0.12083116548886,0.13302817106021,0.14918202061385,0.17750898325754,0.22017715560052,0.28879424884240,0.39918925945096,0.57806107222285,0.85264734786976,1.20589865556298,1.58077948507151,1.93440646742499,2.24590221872661,2.50643490723806,2.72031371384763,2.88548778831329,3.00738565186274,3.09815230085617,3.11327222952714,
5300,0.11895280467485,0.12083400035022,0.13303083938936,0.14918160559955,0.17750725876769,0.22017692229295,0.28879589088030,0.39919110586271,0.57806159949183,0.85264648393470,1.20589726200403,1.58077830133212,1.93440595579617,2.24590252057622,2.50643588301258,2.72031489619072,2.88548862325862,3.00738596786184,3.09815184949981,3.11327145814485,
5400,0.11894969821289,0.12083642968024,0.13303324778900,0.14918131084537,0.17750570219358,0.22017663445665,0.28879732414451,0.39919282057125,0.57806219430779,0.85264583257584,1.20589610869749,1.58077731604289,1.93440557553490,2.24590289979993,2.50643692177885,2.72031619168233,2.88548967143291,3.00738659871004,3.09815181893968,3.11327114237503,
5500,0.11894673003986,0.12083828901895,0.13303521617691,0.14918092395981,0.17750411838625,0.22017612948299,0.28879840180795,0.39919424277995,0.57806267557353,0.85264520153532,1.20589500272425,1.58077633451000,1.93440512419582,2.24590314100096,2.50643778994152,2.72031734706416,2.88549066094094,3.00738726510914,3.09815192891078,3.11327102572006,
5600,0.11894397074725,0.12083973540161,0.13303687521526,0.14918053603168,0.17750259515852,0.22017550850928,0.28879922046654,0.39919543780799,0.57806307124218,0.85264458997715,1.20589392690992,1.58077532848358,1.93440456039266,2.24590318310314,2.50643839754431,2.72031823472249,2.88549142089783,3.00738775382299,3.09815192589105,3.11327082422496,
5700,0.11894158486809,0.12084099890905,0.13303842487671,0.14918030780721,0.17750128605258,0.22017493874588,0.28879994537096,0.39919654840099,0.57806349553538,0.85264409373616,1.20589297168737,1.58077439199808,1.93440398486750,2.24590312984173,2.50643884422775,2.72031893924483,2.88549201378582,3.00738809966656,3.09815181558526,3.11327051151519,
5800,0.11893959659511,0.12084215812057,0.13303992125045,0.14918026371458,0.17750021645977,0.22017446819833,0.28880063604615,0.39919762912793,0.57806399177120,0.85264375465610,1.20589218841116,1.58077359311682,1.93440348648037,2.24590309020750,2.50643925624724,2.72031959689900,2.88549258198987,3.00738844762742,3.09815174428561,3.11327023283722,
5900,0.11893789262322,0.12084315381455,0.13304129245201,0.14918030738026,0.17749929679291,0.22017403258897,0.28880124601054,0.39919863557604,0.57806451104614,0.85264352655106,1.20589154201360,1.58077291151391,1.93440306140897,2.24590307681740,2.50643966161747,2.72032024796949,2.88549317700974,3.00738886181868,3.09815178930199,3.11327008383145,
6000,0.11893636319350,0.12084393112366,0.13304247497487,0.14918035326404,0.17749844576459,0.22017356999402,0.28880172654097,0.39919951636005,0.57806499279316,0.85264334431384,1.20589096990605,1.58077228940189,1.93440265656619,2.24590304016516,2.50644001243813,2.72032084385577,2.88549374842647,3.00738929298463,3.09815190392309,3.11327002910063,
6100,0.11893498477419,0.12084451681251,0.13304348584344,0.14918039603985,0.17749765637252,0.22017308558182,0.28880208913167,0.39920027460027,0.57806542552758,0.85264318540607,1.20589044538669,1.58077169924536,1.93440224382772,2.24590294976931,2.50644027268254,2.72032133922698,2.88549423888548,3.00738967263885,3.09815200907041,3.11326998502612,
6200,0.11893378552023,0.12084498122657,0.13304438464573,0.14918047359659,0.17749696202779,0.22017262233190,0.28880238127858,0.39920094993336,0.57806583511071,0.85264306540362,1.20588998050896,1.58077115405478,1.93440183876646,2.24590282252586,2.50644045759228,2.72032174301730,2.88549464750924,3.00738998869801,3.09815208085359,3.11326991776579,
6300,0.11893277525080,0.12084536976030,0.13304520783284,0.14918060339353,0.17749637696495,0.22017220511763,0.28880263492511,0.39920157110893,0.57806624141086,0.85264299858974,1.20588959000655,1.58077067328802,1.93440146779721,2.24590269151426,2.50644060511773,2.72032209414680,2.88549501130847,3.00739027467231,3.09815214836927,3.11326985259201,
6400,0.11893192394028,0.12084568469150,0.13304595196110,0.14918076618985,0.17749588067515,0.22017182477298,0.28880285011144,0.39920213827656,0.57806663919494,0.85264297687453,1.20588926792516,1.58077025632838,1.93440113743595,2.24590257054703,2.50644073545256,2.72032241665457,2.88549535627554,3.00739055810381,3.09815224018781,3.11326982109517,
6500,0.11893119038609,0.12084591530700,0.13304660276510,0.14918093402624,0.17749544401089,0.22017146194431,0.28880301597305,0.39920264057358,0.57806701236069,0.85264298050581,1.20588899504399,1.58076988691376,1.93440083551751,2.24590245159855,2.50644084387467,2.72032270730332,2.88549567913090,3.00739083605541,3.09815235353638,3.11326982394552,
6600,0.11893055205870,0.12084606695956,0.13304716255947,0.14918109653141,0.17749505404675,0.22017111095978,0.28880313315053,0.39920307719372,0.57806735373296,0.85264299692518,1.20588875717748,1.58076955158790,1.93440055028558,2.24590232445030,2.50644092061712,2.72032295488834,2.88549596548096,3.00739109106616,3.09815246762464,3.11326983995989,
6700,0.11893000579817,0.12084616072696,0.13304764936791,0.14918125990152,0.17749471339179,0.22017078001686,0.28880321480785,0.39920345953673,0.57806766836178,0.85264302559032,1.20588855166974,1.58076924812363,1.93440028115734,2.24590219006457,2.50644096709990,2.72032315921058,2.88549621154665,3.00739131525323,3.09815256990936,3.11326985364872,
6800,0.11892955034856,0.12084621608398,0.13304808011713,0.14918143052165,0.17749442493903,0.22017047716302,0.28880327399074,0.39920379995918,0.57806796363879,0.85264306955250,1.20588838034307,1.58076897958924,1.93440003385615,2.24590205697108,2.50644099388954,2.72032333097897,2.88549642636330,3.00739151521447,3.09815266384244,3.11326986627607,
6900,0.11892917536970,0.12084624088206,0.13304846111703,0.14918160566494,0.17749418309817,0.22017020185132,0.28880331552801,0.39920410376433,0.57806824134824,0.85264312746207,1.20588824136243,1.58076874578085,1.93439981112906,2.24590193120366,2.50644100987457,2.72032348048923,2.88549662016175,3.00739170058881,3.09815275783296,3.11326988604983,
7000,0.11892886514389,0.12084623580282,0.13304879239171,0.14918177758286,0.17749397757957,0.22016994828133,0.28880333877732,0.39920437110980,0.57806849873177,0.85264319372116,1.20588812851562,1.58076854161873,1.93439961011724,2.24590181247700,2.50644101704978,2.72032361092992,2.88549679609827,3.00739187426014,3.09815285398304,3.11326991562774,
7100,0.11892860723461,0.12084620311869,0.13304907597156,0.14918194141371,0.17749380083853,0.22016971247285,0.28880334415658,0.39920460293072,0.57806873380920,0.85264326326905,1.20588803558250,1.58076836128030,1.93439942633330,2.24590169793324,2.50644101388342,2.72032372113923,2.88549695221746,3.00739203327699,3.09815294787455,3.11326995044095,
7200,0.11892839537099,0.12084614940681,0.13304931831488,0.14918209741697,0.17749365024285,0.22016949455388,0.28880333548227,0.39920480336671,0.57806894789092,0.85264333429966,1.20588795934147,1.58076820162245,1.93439925763143,2.24590158670330,2.50644100048252,2.72032381126702,2.88549708755305,3.00739217521618,3.09815303511350,3.11326998509734,
7300,0.11892822593214,0.12084608206681,0.13304952685596,0.14918224754459,0.17749352490299,0.22016929595419,0.28880331753798,0.39920497770628,0.57806914388148,0.85264340698938,1.20588789873313,1.58076806176259,1.93439910423684,2.24590148044529,2.50644097972291,2.72032388455138,2.88549720461834,3.00739230143306,3.09815311534928,3.11327001818936,
7400,0.11892809404054,0.12084600571552,0.13304970652897,0.14918239200457,0.17749342244756,0.22016911639034,0.28880329327628,0.39920512972790,0.57806932373923,0.85264348107144,1.20588785253582,1.58076794078072,1.93439896641545,2.24590138098424,2.50644095488814,2.72032394503698,2.88549730727219,3.00739241520931,3.09815319076239,3.11327005133956,
7500,0.11892799323622,0.12084592218662,0.13304985977242,0.14918252919734,0.17749333894467,0.22016895375300,0.28880326363508,0.39920526134807,0.57806948794047,0.85264355509902,1.20588781843947,1.58076783658190,1.93439884307247,2.24590128860559,2.50644092761543,2.72032399517420,2.88549739796522,3.00739251870044,3.09815326274534,3.11327008574717,
7600,0.11892791753423,0.12084583275364,0.13304998863191,0.14918265768238,0.17749327074201,0.22016880585282,0.28880322913393,0.39920537401052,0.57806963665068,0.85264362741114,1.20588779384512,1.58076774657144,1.93439873230930,2.24590120246192,2.50644089810032,2.72032403576054,2.88549747736713,3.00739261220297,3.09815333079633,3.11327012066944,
7700,0.11892786278377,0.12084573953129,0.13305009604713,0.14918277735915,0.17749321558582,0.22016867154829,0.28880319097608,0.39920546974497,0.57806977072895,0.85264369711736,1.20588777686794,1.58076766872523,1.93439863259811,2.24590112185304,2.50644086646804,2.72032406735469,2.88549754579014,3.00739269552745,3.09815339381606,3.11327015455142,
7800,0.11892782619584,0.12084564505377,0.13305018539983,0.14918288897335,0.17749317216790,0.22016855039442,0.28880315079151,0.39920555099162,0.57806989161959,0.85264376408417,1.20588776643750,1.58076760181769,1.93439854315907,2.24590104676860,2.50644083349704,2.72032409117714,2.88549760427074,3.00739276925361,3.09815345152948,3.11327018659241,
7900,0.11892780519469,0.12084555124358,0.13305025950451,0.14918299309211,0.17749313916217,0.22016844177047,0.28880310985662,0.39920561988223,0.57807000067915,0.85264382831565,1.20588776173798,1.58076754491021,1.93439846349065,2.24590097746652,2.50644080025725,2.72032410882541,2.88549765437828,3.00739283466284,3.09815350455354,3.11327021699905,
8000,0.11892779695893,0.12084545909408,0.13305032029882,0.14918308976146,0.17749311489313,0.22016834457388,0.28880306880611,0.39920567793006,0.57807009883002,0.85264388956843,1.20588776179251,1.58076749689827,1.93439839286599,2.24590091391067,2.50644076748165,2.72032412158352,2.88549769746399,3.00739289294951,3.09815355358199,3.11327024619390,
8100,0.11892779878282,0.12084536913672,0.13305036928307,0.14918317889165,0.17749309768818,0.22016825756144,0.28880302794839,0.39920572628718,0.57807018674749,0.85264394747046,1.20588776552849,1.58076745653417,1.93439833031183,2.24590085569610,2.50644073542202,2.72032413019271,2.88549773433264,3.00739294478861,3.09815359884785,3.11327027418077,
8200,0.11892780852259,0.12084528194848,0.13305040799068,0.14918326067549,0.17749308626559,0.22016817973955,0.28880298764676,0.39920576609778,0.57807026517372,0.85264400180432,1.20588777204689,1.58076742270007,1.93439827489578,2.24590080234828,2.50644070415137,2.72032413513875,2.88549776550014,3.00739299054656,3.09815364028001,3.11327030062747,
8300,0.11892782460946,0.12084519821178,0.13305043802956,0.14918333559552,0.17749307973811,0.22016811039739,0.28880294837853,0.39920579857028,0.57807033499159,0.85264405259171,1.20588778072910,1.58076739454856,1.93439822591041,2.24590075355469,2.50644067384405,2.72032413697279,2.88549779155031,3.00739303066569,3.09815367791057,3.11327032528559,
8400,0.11892784575626,0.12084511847825,0.13305046084668,0.14918340416760,0.17749307736709,0.22016804889576,0.28880291055992,0.39920582482324,0.57807039708035,0.85264409996259,1.20588779112665,1.58076737141503,1.93439818281132,2.24590070913202,2.50644064477526,2.72032413634418,2.88549781320203,3.00739306577073,3.09815371202100,3.11327034818635,
8500,0.11892787074191,0.12084504301786,0.13305047758074,0.14918346677328,0.17749307839714,0.22016799452133,0.28880287442033,0.39920584576225,0.57807045218438,0.85264414401564,1.20588780281884,1.58076735267312,1.93439814506898,2.24590066887398,2.50644061716399,2.72032413383915,2.88549783114351,3.00739309650514,3.09815374298294,3.11327036950261,
8600,0.11892789842793,0.12084497189208,0.13305048913091,0.14918352370381,0.17749308208918,0.22016794652464,0.28880284004394,0.39920586210923,0.57807050092054,0.85264418480314,1.20588781538167,1.58076733769212,1.93439811211477,2.24590063248409,2.50644059108835,2.72032412987445,2.88549784589922,3.00739312337193,3.09815377107275,3.11327038934481,
8700,0.11892792787070,0.12084490510749,0.13305049630118,0.14918357527961,0.17749308782555,0.22016790422877,0.28880280748053,0.39920587450372,0.57807054386133,0.85264422239682,1.20588782844385,1.58076732588997,1.93439808339481,2.24590059962953,2.50644056653602,2.72032412473778,2.88549785785452,3.00739314673782,3.09815379645236,3.11327040771689,
8800,0.11892795835553,0.12084484268154,0.13305049986024,0.14918362189023,0.17749309514151,0.22016786707032,0.28880277679673,0.39920588355590,0.57807058158138,0.85264425692959,1.20588784172957,1.58076731678336,1.93439805843180,2.24590057001616,2.50644054349165,2.72032411868334,2.88549786735497,3.00739316693258,3.09815381926626,3.11327042460782,
8900,0.11892798932943,0.12084478460559,0.13305050050430,0.14918366394281,0.17749310367091,0.22016783455767,0.28880274804924,0.39920588982701,0.57807061463739,0.85264428857539,1.20588785504275,1.58076730997965,1.93439803682767,2.24590054340356,2.50644052196506,2.72032411197160,2.88549787475629,3.00739318430857,3.09815383970924,3.11327044006971,
9000,0.11892802032203,0.12084473079645,0.13305049881117,0.14918370180401,0.17749311308526,0.22016780621950,0.28880272124554,0.39920589379437,0.57807064353019,0.85264431750754,1.20588786822477,1.58076730513623,1.93439801822574,2.24590051957103,2.50644050196122,2.72032410484273,2.88549788039967,3.00739319921948,3.09815385800813,3.11327045420770,
9100,0.11892805092164,0.12084468110048,0.13305049524559,0.14918373579333,0.17749312308103,0.22016778159666,0.28880269634258,0.39920589584958,0.57807066869600,0.85264434388162,1.20588788113222,1.58076730193540,1.93439800228398,2.24590049828940,2.50644048344977,2.72032409748240,2.88549788457178,3.00739321197441,3.09815387436964,3.11327046712524,
9200,0.11892808079340,0.12084463533434,0.13305049019955,0.14918376621163,0.17749313340049,0.22016776026563,0.28880267327487,0.39920589632530,0.57807069052589,0.85264436784667,1.20588789364289,1.58076730008846,1.93439798867898,2.24590047932527,2.50644046636848,2.72032409002224,2.88549788749934,3.00739322282556,3.09815388895947,3.11327047889568,
9300,0.11892810969137,0.12084459331490,0.13305048402210,0.14918379336089,0.17749314384492,0.22016774185501,0.28880265197664,0.39920589551860,0.57807070938494,0.85264438955935,1.20588790566767,1.58076729934841,1.93439797712174,2.24590046246065,2.50644045064653,2.72032408256475,2.88549788937346,3.00739323198998,3.09815390192040,3.11327048957636,
9400,0.11892813744357,0.12084455485976,0.13305047702118,0.14918381753810,0.17749315426393,0.22016772603909,0.28880263238241,0.39920589369478,0.57807072561437,0.85264440918348,1.20588791714964,1.58076729951092,1.93439796736244,2.24590044750258,2.50644043621920,2.72032407520204,2.88549789037073,3.00739323967249,3.09815391339558,3.11327049923282,
9500,0.11892816392576,0.12084451977534,0.13305046945417,0.14918383901936,0.17749316453576,0.22016771252173,0.28880261441746,0.39920589108097,0.57807073952373,0.85264442687959,1.20588792805255,1.58076730040339,1.93439795918145,2.24590043427710,2.50644042302498,2.72032406801568,2.88549789065458,3.00739324606814,3.09815392353159,3.11327050794395,
9600,0.11892818904579,0.12084448785418,0.13305046152751,0.14918385805372,0.17749317455695,0.22016770102825,0.28880259799462,0.39920588786473,0.57807075138720,0.85264444279750,1.20588793835109,1.58076730187441,1.93439795237908,2.24590042261981,2.50644041099715,2.72032406106850,2.88549789036619,3.00739325135217,3.09815393246663,3.11327051578996,
9700,0.11892821274214,0.12084445888429,0.13305045340794,0.14918387486912,0.17749318424359,0.22016769130780,0.28880258302036,0.39920588420128,0.57807076144829,0.85264445707705,1.20588794802892,1.58076730379069,1.93439794677248,2.24590041237346,2.50644040006180,2.72032405440257,2.88549788962096,3.00739325567441,3.09815394032191,3.11327052284155,
9800,0.11892823498565,0.12084443265951,0.13305044523453,0.14918388967981,0.17749319353449,0.22016768313749,0.28880256940229,0.39920588022249,0.57807076992691,0.85264446985218,1.20588795708072,1.58076730603865,1.93439794219809,2.24590040339176,2.50644039014325,2.72032404804528,2.88549788851403,3.00739325916336,3.09815394720376,3.11327052916010,
9900,0.11892825577551,0.12084440898269,0.13305043712383,0.14918390268770,0.17749320238893,0.22016767632125,0.28880255705171,0.39920587604137,0.57807077702300,0.85264448125234,1.20588796551236,1.58076730852458,1.93439793851291,2.24590039554258,2.50644038116923,2.72032404201622,2.88549788712778,3.00739326193397,3.09815395321052,3.11327053480398,
10000,0.11892827513090,0.12084438766344,0.13305042916979,0.14918391407938,0.17749321078055,0.22016767068473,0.28880254588185,0.39920587175252,0.57807078291633,0.85264449140058,1.20588797333786,1.58076731117154,1.93439793559219,2.24590038870710,2.50644037307182,2.72032403632958,2.88549788553505,3.00739326409101,3.09815395843573,3.11327053983197,
10100,0.11892829308392,0.12084436851644,0.13305042144435,0.14918392402414,0.17749321869251,0.22016766607099,0.28880253580645,0.39920586743244,0.57807078776623,0.85264450041137,1.20588798057580,1.58076731391519,1.93439793332561,2.24590038277675,2.50644036578549,2.72032403099311,2.88549788379814,3.00739326572810,3.09815396296650,3.11327054430143,
10200,0.11892830967661,0.12084435136297,0.13305041400092,0.14918393267529,0.17749322611591,0.22016766233916,0.28880252674074,0.39920586314192,0.57807079171320,0.85264450839035,1.20588798724759,1.58076731670140,1.93439793161477,2.24590037765134,2.50644035924590,2.72032402600739,2.88549788196799,3.00739326692636,3.09815396688107,3.11327054826515,
10300,0.11892832496025,0.12084433603361,0.13305040687897,0.14918394017295,0.17749323304993,0.22016765936451,0.28880251860350,0.39920585892941,0.57807079488179,0.85264451543554,1.20588799337736,1.58076731948555,1.93439793037273,2.24590037323913,2.50644035339071,2.72032402136731,2.88549788008554,3.00739326775528,3.09815397024876,3.11327055177046,
10400,0.11892833899392,0.12084432236961,0.13305040010718,0.14918394664572,0.17749323950108,0.22016765703775,0.28880251131815,0.39920585483361,0.57807079738283,0.85264452163833,1.20588799899190,1.58076732223209,1.93439792952376,2.24590036945731,2.50644034816112,2.72032401706435,2.88549787818432,3.00739326827532,3.09815397313199,3.11327055486077,
10500,0.11892835184185,0.12084431022237,0.13305039370471,0.14918395221078,0.17749324548126,0.22016765526304,0.28880250481262,0.39920585088467,0.57807079931460,0.85264452708358,1.20588800411986,1.58076732491339,1.93439792900240,2.24590036623174,2.50644034350241,2.72032401308801,2.88549787629227,3.00739326853977,3.09815397558788,3.11327055757690,
10600,0.11892836357071,0.12084429945254,0.13305038768198,0.14918395697389,0.17749325100588,0.22016765395592,0.28880249901868,0.39920584710484,0.57807080076347,0.85264453184931,1.20588800879056,1.58076732750810,1.93439792875186,2.24590036349580,2.50644033936348,2.72032400942603,2.88549787443224,3.00739326859542,3.09815397766858,3.11327055995726,
10700,0.11892837424798,0.12084428992974,0.13305038204204,0.14918396103003,0.17749325609272,0.22016765304200,0.28880249387191,0.39920584350953,0.57807080180483,0.85264453600674,1.20588801303324,1.58076732999991,1.93439792872271,2.24590036118932,2.50644033569632,2.72032400606433,2.88549787262213,3.00739326848253,3.09815397942086,3.11327056203716,
10800,0.11892838394135,0.12084428153286,0.13305037678232,0.14918396446459,0.17749326076161,0.22016765245617,0.28880248931202,0.39920584010868,0.57807080250450,0.85264453962089,1.20588801687671,1.58076733237678,1.93439792887210,2.24590035925811,2.50644033245594,2.72032400298742,2.88549787087531,3.00739326823535,3.09815398088622,3.11327056384853,
10900,0.11892839271811,0.12084427415016,0.13305037189609,0.14918396735452,0.17749326503404,0.22016765214200,0.28880248528307,0.39920583690788,0.57807080291995,0.85264454275115,1.20588802034938,1.58076733463052,1.93439792916321,2.24590035765370,2.50644032960059,2.72032400017906,2.88549786920162,3.00739326788294,3.09815398210152,3.11327056542019,
11000,0.11892840064441,0.12084426767889,0.13305036737332,0.14918396976895,0.17749326893258,0.22016765205072,0.28880248173338,0.39920583390928,0.57807080310126,0.85264454545166,1.20588802347897,1.58076733675627,1.93439792956473,2.24590035633299,2.50644032709183,2.72032399762288,2.88549786760817,3.00739326745019,3.09815398309974,3.11327056677853,
11100,0.11892840778445,0.12084426202460,0.13305036320132,0.14918397176966,0.17749327248020,0.22016765214022,0.28880247861523,0.39920583111199,0.57807080309176,0.85264454777159,1.20588802629228,1.58076733875179,1.93439793005009,2.24590035525774,2.50644032489440,2.72032399530261,2.88549786609983,3.00739326695835,3.09815398391038,3.11327056794771,
11200,0.11892841419985,0.12084425710068,0.13305035936523,0.14918397341156,0.17749327569979,0.22016765237415,0.28880247588452,0.39920582851267,0.57807080292875,0.85264454975534,1.20588802881489,1.58076734061692,1.93439793059682,2.24590035439402,2.50644032297592,2.72032399320211,2.88549786467944,3.00739326642534,3.09815398455974,3.11327056894970,
11300,0.11892841994945,0.12084425282792,0.13305035584870,0.14918397474340,0.17749327861391,0.22016765272134,0.28880247350077,0.39920582610602,0.57807080264416,0.85264455144292,1.20588803107104,1.58076734235313,1.93439793118594,2.24590035371167,2.50644032130664,2.72032399130553,2.88549786334810,3.00739326586601,3.09815398507091,3.11327056980428,
11400,0.11892842508917,0.12084424913423,0.13305035263453,0.14918397580844,0.17749328124465,0.22016765315526,0.28880247142691,0.39920582388532,0.57807080226527,0.85264455287033,1.20588803308368,1.58076734396324,1.93439793180161,2.24590035318410,2.50644031985938,2.72032398959738,2.88549786210546,3.00739326529262,3.09815398546421,3.11327057052916,
11500,0.11892842967194,0.12084424595420,0.13305034970503,0.14918397664501,0.17749328361352,0.22016765365348,0.28880246962919,0.39920582184281,0.57807080181528,0.85264455406995,1.20588803487444,1.58076734545118,1.93439793243077,2.24590035278790,2.50644031860942,2.72032398806283,2.88549786095012,3.00739326471518,3.09815398575749,3.11327057114023,
11600,0.11892843374753,0.12084424322860,0.13305034704234,0.14918397728690,0.17749328574118,0.22016765419713,0.28880246807690,0.39920581996999,0.57807080131384,0.85264455507078,1.20588803646359,1.58076734682168,1.93439793306275,2.24590035250259,2.50644031753439,2.72032398668776,2.88549785987991,3.00739326414191,3.09815398596646,3.11327057165183,
11700,0.11892843736249,0.12084424090388,0.13305034462863,0.14918397776381,0.17749328764736,0.22016765477041,0.28880246674215,0.39920581825782,0.57807080077738,0.85264455589870,1.20588803787005,1.58076734808008,1.93439793368891,2.24590035231025,2.50644031661401,2.72032398545875,2.88549785889198,3.00739326357934,3.09815398610490,3.11327057207680,
11800,0.11892844056018,0.12084423893175,0.13305034244633,0.14918397810173,0.17749328935074,0.22016765536021,0.28880246559968,0.39920581669695,0.57807080021960,0.85264455657679,1.20588803911136,1.58076734923207,1.93439793430239,2.24590035219526,2.50644031582996,2.72032398436312,2.88549785798298,3.00739326303262,3.09815398618479,3.11327057242659,
11900,0.11892844338087,0.12084423726882,0.13305034047832,0.14918397832337,0.17749329086898,0.22016765595573,0.28880246462667,0.39920581527791,0.57807079965177,0.85264455712550,1.20588804020377,1.58076735028362,1.93439793489777,2.24590035214401,2.50644031516576,2.72032398338891,2.88549785714915,3.00739326250565,3.09815398621648,3.11327057271133,
12000,0.11892844586183,0.12084423587618,0.13305033870809,0.14918397844853,0.17749329221868,0.22016765654824,0.28880246380260,0.39920581399124,0.57807079908312,0.85264455756300,1.20588804116227,1.58076735124079,1.93439793547095,2.24590035214475,2.50644031460654,2.72032398252498,2.88549785638658,3.00739326200133,3.09815398620894,3.11327057294003,
12100,0.11892844803742,0.12084423471907,0.13305033711981,0.14918397849441,0.17749329341536,0.22016765713074,0.28880246310902,0.39920581282767,0.57807079852110,0.85264455790534,1.20588804200066,1.58076735210972,1.93439793601892,2.24590035218734,2.50644031413905,2.72032398176089,2.88549785569111,3.00739326152170,3.09815398616990,3.11327057312068,
12200,0.11892844993924,0.12084423376645,0.13305033569841,0.14918397847585,0.17749329447350,0.22016765769772,0.28880246252942,0.39920581177814,0.57807079797162,0.85264455816666,1.20588804273159,1.58076735289645,1.93439793653957,2.24590035226311,2.50644031375142,2.72032398108701,2.88549785505861,3.00739326106811,3.09815398610600,3.11327057326030,
12300,0.11892845159622,0.12084423299071,0.13305033442961,0.14918397840564,0.17749329540652,0.22016765824494,0.28880246204904,0.39920581083389,0.57807079743928,0.85264455835939,1.20588804336662,1.58076735360691,1.93439793703154,2.24590035236462,2.50644031343306,2.72032398049442,2.88549785448492,3.00739326064130,3.09815398602291,3.11327057336513,
12400,0.11892845303481,0.12084423236735,0.13305033329993,0.14918397829472,0.17749329622681,0.22016765876924,0.28880246165470,0.39920580998651,0.57807079692755,0.85264455849441,1.20588804391627,1.58076735424685,1.93439793749413,2.24590035248555,2.50644031317457,2.72032397997487,2.88549785396595,3.00739326024153,3.09815398592542,3.11327057344058,
12500,0.11892845427910,0.12084423187469,0.13305033229678,0.14918397815244,0.17749329694582,0.22016765926836,0.28880246133471,0.39920580922800,0.57807079643898,0.85264455858123,1.20588804439014,1.58076735482180,1.93439793792712,2.24590035262058,2.50644031296760,2.72032397952080,2.88549785349769,3.00739325986863,3.09815398581758,3.11327057349139,
12600,0.11892845535098,0.12084423149359,0.13305033140835,0.14918397798673,0.17749329757406,0.22016765974082,0.28880246107869,0.39920580855077,0.57807079597531,0.85264455862812,1.20588804479691,1.58076735533705,1.93439793833072,2.24590035276523,2.50644031280477,2.72032397912527,2.88549785307624,3.00739325952216,3.09815398570279,3.11327057352173,
12700,0.11892845627028,0.12084423120721,0.13305033062371,0.14918397780428,0.17749329812115,0.22016766018575,0.28880246087747,0.39920580794767,0.57807079553764,0.85264455864225,1.20588804514443,1.58076735579762,1.93439793870551,2.24590035291578,2.50644031267957,2.72032397878196,2.88549785269791,3.00739325920142,3.09815398558387,3.11327057353517,
12800,0.11892845705494,0.12084423100079,0.13305032993269,0.14918397761067,0.17749329859589,0.22016766060282,0.28880246072295,0.39920580741199,0.57807079512651,0.85264455862982,1.20588804543978,1.58076735620826,1.93439793905228,2.24590035306915,2.50644031258629,2.72032397848509,2.88549785235915,3.00739325890550,3.09815398546316,3.11327057353486,
12900,0.11892845772111,0.12084423086140,0.13305032932591,0.14918397741057,0.17749329900628,0.22016766099210,0.28880246060803,0.39920580693748,0.57807079474202,0.85264455859616,1.20588804568934,1.58076735657343,1.93439793937204,2.24590035322283,2.50644031251990,2.72032397822944,2.88549785205659,3.00739325863336,3.09815398534253,3.11327057352344,
13000,0.11892845828334,0.12084423077778,0.13305032879475,0.14918397720779,0.17749329935959,0.22016766135402,0.28880246052646,0.39920580651829,0.57807079438391,0.85264455854583,1.20588804589883,1.58076735689731,1.93439793966596,2.24590035337479,2.50644031247601,2.72032397801024,2.88549785178706,3.00739325838386,3.09815398522353,3.11327057350326,
13100,0.11892845875465,0.12084423074013,0.13305032833128,0.14918397700546,0.17749329966241,0.22016766168928,0.28880246047280,0.39920580614903,0.57807079405162,0.85264455848273,1.20588804607336,1.58076735718378,1.93439793993531,2.24590035352341,2.50644031245082,2.72032397782320,2.88549785154757,3.00739325815577,3.09815398510735,3.11327057347626,
13200,0.11892845914672,0.12084423074000,0.13305032792827,0.14918397680608,0.17749329992068,0.22016766199876,0.28880246044230,0.39920580582470,0.57807079374439,0.85264455841014,1.20588804621751,1.58076735743646,1.93439794018142,2.24590035366745,2.50644031244099,2.72032397766446,2.88549785133534,3.00739325794787,3.09815398499496,3.11327057344413,
13300,0.11892845946995,0.12084423077007,0.13305032757911,0.14918397661163,0.17749330013979,0.22016766228353,0.28880246043084,0.39920580554072,0.57807079346127,0.85264455833085,1.20588804633534,1.58076735765869,1.93439794040566,2.24590035380595,2.50644031244368,2.72032397753056,2.88549785114781,3.00739325775888,3.09815398488701,3.11327057340826,
13400,0.11892845973359,0.12084423082409,0.13305032727779,0.14918397642365,0.17749330032453,0.22016766254475,0.28880246043487,0.39920580529286,0.57807079320120,0.85264455824717,1.20588804643047,1.58076735785356,1.93439794060942,2.24590035393822,2.50644031245639,2.72032397741836,2.88549785098254,3.00739325758753,3.09815398478407,3.11327057336985,
13500,0.11892845994588,0.12084423089670,0.13305032701884,0.14918397624327,0.17749330047924,0.22016766278365,0.28880246045131,0.39920580507727,0.57807079296302,0.85264455816104,1.20588804650610,1.58076735802389,1.93439794079407,2.24590035406377,2.50644031247703,2.72032397732508,2.88549785083733,3.00739325743259,3.09815398468646,3.11327057332989,
13600,0.11892846011409,0.12084423098336,0.13305032679735,0.14918397607133,0.17749330060779,0.22016766300152,0.28880246047754,0.39920580489042,0.57807079274551,0.85264455807402,1.20588804656505,1.58076735817227,1.93439794096097,2.24590035418230,2.50644031250379,2.72032397724822,2.88549785071012,3.00739325729284,3.09815398459439,3.11327057328918,
13700,0.11892846024464,0.12084423108021,0.13305032660885,0.14918397590838,0.17749330071361,0.22016766319967,0.28880246051132,0.39920580472912,0.57807079254745,0.85264455798742,1.20588804660983,1.58076735830110,1.93439794111144,2.24590035429367,2.50644031253512,2.72032397718558,2.88549785059905,3.00739325716713,3.09815398450797,3.11327057324840,
13800,0.11892846034321,0.12084423118403,0.13305032644933,0.14918397575478,0.17749330079978,0.22016766337939,0.28880246055074,0.39920580459046,0.57807079236758,0.85264455790225,1.20588804664261,1.58076735841251,1.93439794124675,2.24590035439784,2.50644031256974,2.72032397713519,2.88549785050240,3.00739325705432,3.09815398442719,3.11327057320807,
13900,0.11892846041474,0.12084423129214,0.13305032631520,0.14918397561065,0.17749330086902,0.22016766354198,0.28880246059421,0.39920580447179,0.57807079220465,0.85264455781933,1.20588804666531,1.58076735850847,1.93439794136811,2.24590035449488,2.50644031260657,2.72032397709532,2.88549785041860,3.00739325695336,3.09815398435201,3.11327057316865,
14000,0.11892846046360,0.12084423140231,0.13305032620323,0.14918397547601,0.17749330092374,0.22016766368868,0.28880246064037,0.39920580437076,0.57807079205747,0.85264455773928,1.20588804667960,1.58076735859076,1.93439794147670,2.24590035458493,2.50644031264469,2.72032397706441,2.88549785034620,3.00739325686322,3.09815398428228,3.11327057313044,
14100,0.11892846049356,0.12084423151274,0.13305032611054,0.14918397535073,0.17749330096607,0.22016766382072,0.28880246068811,0.39920580428523,0.57807079192485,0.85264455766257,1.20588804668694,1.58076735866100,1.93439794157360,2.24590035466820,2.50644031268338,2.72032397704114,2.88549785028395,3.00739325678295,3.09815398421784,3.11327057309369,
14200,0.11892846050793,0.12084423162195,0.13305032603457,0.14918397523459,0.17749330099787,0.22016766393924,0.28880246073652,0.39920580421326,0.57807079180565,0.85264455758953,1.20588804668859,1.58076735872062,1.93439794165985,2.24590035474495,2.50644031272203,2.72032397702429,2.88549785023063,3.00739325671167,3.09815398415850,3.11327057305861,
14300,0.11892846050955,0.12084423172880,0.13305032597303,0.14918397512731,0.17749330102079,0.22016766404538,0.28880246078484,0.39920580415314,0.57807079169879,0.85264455752039,1.20588804668562,1.58076735877093,1.93439794173642,2.24590035481546,2.50644031276014,2.72032397701285,2.88549785018520,3.00739325664853,3.09815398410401,3.11327057302530,
14400,0.11892846050088,0.12084423183236,0.13305032592390,0.14918397502852,0.17749330103626,0.22016766414017,0.28880246083247,0.39920580410334,0.57807079160323,0.85264455745526,1.20588804667899,1.58076735881310,1.93439794180421,2.24590035488004,2.50644031279735,2.72032397700590,2.88549785014671,3.00739325659277,3.09815398405414,3.11327057299387,
14500,0.11892846048405,0.12084423193195,0.13305032588539,0.14918397493785,0.17749330104554,0.22016766422461,0.28880246087893,0.39920580406248,0.57807079151801,0.85264455739421,1.20588804666948,1.58076735884817,1.93439794186406,2.24590035493902,2.50644031283333,2.72032397700267,2.88549785011431,3.00739325654364,3.09815398400861,3.11327057296433,
14600,0.11892846046084,0.12084423202708,0.13305032585594,0.14918397485487,0.17749330104971,0.22016766429964,0.28880246092387,0.39920580402935,0.57807079144218,0.85264455733721,1.20588804665778,1.58076735887707,1.93439794191675,2.24590035499274,2.50644031286789,2.72032397700246,2.88549785008721,3.00739325650050,3.09815398396716,3.11327057293671,
14700,0.11892846043281,0.12084423211738,0.13305032583415,0.14918397477915,0.17749330104971,0.22016766436613,0.28880246096699,0.39920580400287,0.57807079137491,0.85264455728422,1.20588804664447,1.58076735890065,1.93439794196301,2.24590035504153,2.50644031290084,2.72032397700469,2.88549785006473,3.00739325646273,3.09815398392954,3.11327057291097,
14800,0.11892846040125,0.12084423220265,0.13305032581881,0.14918397471025,0.17749330104636,0.22016766442489,0.28880246100810,0.39920580398207,0.57807079131539,0.85264455723512,1.20588804663003,1.58076735891962,1.93439794200349,2.24590035508572,2.50644031293208,2.72032397700886,2.88549785004626,3.00739325642977,3.09815398389548,3.11327057288709,
14900,0.11892846036726,0.12084423228277,0.13305032580886,0.14918397464771,0.17749330104035,0.22016766447667,0.28880246104707,0.39920580396613,0.57807079126286,0.85264455718980,1.20588804661486,1.58076735893464,1.93439794203879,2.24590035512565,2.50644031296153,2.72032397701454,2.88549785003126,3.00739325640110,3.09815398386473,3.11327057286502,
15000,0.11892846033173,0.12084423235771,0.13305032580339,0.14918397459111,0.17749330103227,0.22016766452217,0.28880246108381,0.39920580395429,0.57807079121664,0.85264455714809,1.20588804659930,1.58076735894630,1.93439794206948,2.24590035516163,2.50644031298918,2.72032397702136,2.88549785001925,3.00739325637626,3.09815398383702,3.11327057284466,
15100,0.11892846029543,0.12084423242753,0.13305032580158,0.14918397454001,0.17749330102264,0.22016766456202,0.28880246111829,0.39920580394592,0.57807079117610,0.85264455710983,1.20588804658363,1.58076735895510,1.93439794209605,2.24590035519397,2.50644031301503,2.72032397702900,2.88549785000979,3.00739325635481,3.09815398381213,3.11327057282596,
15200,0.11892846025897,0.12084423249233,0.13305032580275,0.14918397449400,0.17749330101187,0.22016766459682,0.28880246115050,0.39920580394044,0.57807079114064,0.85264455707483,1.20588804656807,1.58076735896147,1.93439794211898,2.24590035522297,2.50644031303908,2.72032397703723,2.88549785000252,3.00739325633639,3.09815398378982,3.11327057280884,
15300,0.11892846022285,0.12084423255226,0.13305032580630,0.14918397445267,0.17749330100032,0.22016766462710,0.28880246118048,0.39920580393736,0.57807079110974,0.85264455704292,1.20588804655279,1.58076735896581,1.93439794213867,2.24590035524890,2.50644031306138,2.72032397704581,2.88549784999708,3.00739325632062,3.09815398376988,3.11327057279321,
15400,0.11892846018746,0.12084423260749,0.13305032581173,0.14918397441564,0.17749330098831,0.22016766465336,0.28880246120827,0.39920580393626,0.57807079108289,0.85264455701389,1.20588804653794,1.58076735896847,1.93439794215551,2.24590035527204,2.50644031308199,2.72032397705456,2.88549784999322,3.00739325630719,3.09815398375210,3.11327057277896,
15500,0.11892846015312,0.12084423265824,0.13305032581860,0.14918397438255,0.17749330097606,0.22016766467604,0.28880246123395,0.39920580393676,0.57807079105966,0.85264455698755,1.20588804652363,1.58076735896973,1.93439794216982,2.24590035529262,2.50644031310097,2.72032397706334,2.88549784999065,3.00739325629583,3.09815398373630,3.11327057276603,
15600,0.11892846012006,0.12084423270472,0.13305032582654,0.14918397435306,0.17749330096379,0.22016766469555,0.28880246125759,0.39920580393854,0.57807079103964,0.85264455696373,1.20588804650992,1.58076735896985,1.93439794218193,2.24590035531089,2.50644031311840,2.72032397707204,2.88549784998917,3.00739325628628,3.09815398372228,3.11327057275431,
15700,0.11892846008845,0.12084423274717,0.13305032583524,0.14918397432684,0.17749330095165,0.22016766471226,0.28880246127929,0.39920580394134,0.57807079102247,0.85264455694223,1.20588804649689,1.58076735896906,1.93439794219210,2.24590035532704,2.50644031313434,2.72032397708055,2.88549784998858,3.00739325627829,3.09815398370988,3.11327057274373,
15800,0.11892846005842,0.12084423278584,0.13305032584445,0.14918397430359,0.17749330093977,0.22016766472649,0.28880246129916,0.39920580394491,0.57807079100779,0.85264455692288,1.20588804648456,1.58076735896753,1.93439794220059,2.24590035534131,2.50644031314890,2.72032397708880,2.88549784998872,3.00739325627168,3.09815398369894,3.11327057273418,
15900,0.11892846003005,0.12084423282096,0.13305032585394,0.14918397428304,0.17749330092826,0.22016766473855,0.28880246131728,0.39920580394907,0.57807079099533,0.85264455690551,1.20588804647296,1.58076735896543,1.93439794220761,2.24590035535386,2.50644031316215,2.72032397709675,2.88549784998943,3.00739325626626,3.09815398368933,3.11327057272561,
16000,0.11892846000337,0.12084423285278,0.13305032586353,0.14918397426491,0.17749330091719,0.22016766474871,0.28880246133378,0.39920580395364,0.57807079098480,0.85264455688995,1.20588804646209,1.58076735896290,1.93439794221335,2.24590035536487,2.50644031317418,2.72032397710433,2.88549784999062,3.00739325626187,3.09815398368089,3.11327057271793,
16100,0.11892845997840,0.12084423288152,0.13305032587310,0.14918397424897,0.17749330090662,0.22016766475720,0.28880246134875,0.39920580395849,0.57807079097596,0.85264455687606,1.20588804645196,1.58076735896006,1.93439794221800,2.24590035537450,2.50644031318506,2.72032397711154,2.88549784999215,3.00739325625836,3.09815398367352,3.11327057271104,
16200,0.11892845995512,0.12084423290743,0.13305032588251,0.14918397423500,0.17749330089658,0.22016766476424,0.28880246136231,0.39920580396350,0.57807079096861,0.85264455686368,1.20588804644254,1.58076735895700,1.93439794222170,2.24590035538290,2.50644031319489,2.72032397711835,2.88549784999395,3.00739325625560,3.09815398366709,3.11327057270491,
16300,0.11892845993351,0.12084423293072,0.13305032589168,0.14918397422280,0.17749330088711,0.22016766477003,0.28880246137454,0.39920580396857,0.57807079096254,0.85264455685268,1.20588804643382,1.58076735895381,1.93439794222460,2.24590035539019,2.50644031320376,2.72032397712475,2.88549784999594,3.00739325625349,3.09815398366152,3.11327057269946,
16400,0.11892845991351,0.12084423295160,0.13305032590054,0.14918397421217,0.17749330087820,0.22016766477473,0.28880246138557,0.39920580397363,0.57807079095758,0.85264455684293,1.20588804642577,1.58076735895054,1.93439794222680,2.24590035539650,2.50644031321171,2.72032397713074,2.88549784999805,3.00739325625193,3.09815398365670,3.11327057269462,
16500,0.11892845989507,0.12084423297027,0.13305032590903,0.14918397420294,0.17749330086987,0.22016766477850,0.28880246139546,0.39920580397861,0.57807079095358,0.85264455683432,1.20588804641837,1.58076735894727,1.93439794222843,2.24590035540194,2.50644031321884,2.72032397713632,2.88549785000025,3.00739325625083,3.09815398365254,3.11327057269033,
16600,0.11892845987813,0.12084423298693,0.13305032591712,0.14918397419497,0.17749330086211,0.22016766478146,0.28880246140433,0.39920580398347,0.57807079095040,0.85264455682672,1.20588804641158,1.58076735894402,1.93439794222957,2.24590035540662,2.50644031322521,2.72032397714151,2.88549785000249,3.00739325625011,3.09815398364898,3.11327057268656,
16700,0.11892845986259,0.12084423300175,0.13305032592478,0.14918397418810,0.17749330085491,0.22016766478374,0.28880246141226,0.39920580398817,0.57807079094793,0.85264455682005,1.20588804640538,1.58076735894085,1.93439794223030,2.24590035541061,2.50644031323089,2.72032397714630,2.88549785000472,3.00739325624972,3.09815398364595,3.11327057268323,
16800,0.11892845984840,0.12084423301491,0.13305032593200,0.14918397418222,0.17749330084825,0.22016766478544,0.28880246141933,0.39920580399267,0.57807079094606,0.85264455681421,1.20588804639972,1.58076735893776,1.93439794223069,2.24590035541400,2.50644031323594,2.72032397715071,2.88549785000692,3.00739325624957,3.09815398364337,3.11327057268032,
16900,0.11892845983547,0.12084423302655,0.13305032593877,0.14918397417720,0.17749330084212,0.22016766478665,0.28880246142561,0.39920580399697,0.57807079094469,0.85264455680910,1.20588804639458,1.58076735893480,1.93439794223079,2.24590035541686,2.50644031324042,2.72032397715477,2.88549785000906,3.00739325624964,3.09815398364119,3.11327057267776,
17000,0.11892845982372,0.12084423303682,0.13305032594509,0.14918397417294,0.17749330083648,0.22016766478746,0.28880246143118,0.39920580400104,0.57807079094375,0.85264455680466,1.20588804638992,1.58076735893196,1.93439794223068,2.24590035541926,2.50644031324438,2.72032397715849,2.88549785001114,3.00739325624989,3.09815398363936,3.11327057267553,
17100,0.11892845981308,0.12084423304586,0.13305032595097,0.14918397416935,0.17749330083131,0.22016766478792,0.28880246143611,0.39920580400487,0.57807079094316,0.85264455680081,1.20588804638570,1.58076735892926,1.93439794223039,2.24590035542127,2.50644031324788,2.72032397716189,2.88549785001313,3.00739325625026,3.09815398363784,3.11327057267359,
17200,0.11892845980345,0.12084423305379,0.13305032595642,0.14918397416634,0.17749330082659,0.22016766478811,0.28880246144045,0.39920580400847,0.57807079094286,0.85264455679748,1.20588804638190,1.58076735892672,1.93439794222995,2.24590035542292,2.50644031325095,2.72032397716499,2.88549785001504,3.00739325625075,3.09815398363659,3.11327057267192,
17300,0.11892845979478,0.12084423306073,0.13305032596145,0.14918397416384,0.17749330082230,0.22016766478807,0.28880246144427,0.39920580401183,0.57807079094280,0.85264455679462,1.20588804637848,1.58076735892433,1.93439794222941,2.24590035542427,2.50644031325365,2.72032397716780,2.88549785001685,3.00739325625131,3.09815398363557,3.11327057267049,
17400,0.11892845978698,0.12084423306678,0.13305032596608,0.14918397416178,0.17749330081839,0.22016766478784,0.28880246144762,0.39920580401496,0.57807079094294,0.85264455679216,1.20588804637541,1.58076735892209,1.93439794222879,2.24590035542536,2.50644031325600,2.72032397717035,2.88549785001854,3.00739325625192,3.09815398363475,3.11327057266924,
17500,0.11892845977998,0.12084423307204,0.13305032597033,0.14918397416011,0.17749330081486,0.22016766478747,0.28880246145054,0.39920580401786,0.57807079094324,0.85264455679008,1.20588804637266,1.58076735892000,1.93439794222811,2.24590035542622,2.50644031325805,2.72032397717265,2.88549785002015,3.00739325625257,3.09815398363411,3.11327057266819,
17600,0.11892845977372,0.12084423307659,0.13305032597421,0.14918397415876,0.17749330081166,0.22016766478699,0.28880246145309,0.39920580402054,0.57807079094365,0.85264455678831,1.20588804637021,1.58076735891806,1.93439794222740,2.24590035542690,2.50644031325983,2.72032397717473,2.88549785002164,3.00739325625324,3.09815398363361,3.11327057266730,
17700,0.11892845976813,0.12084423308051,0.13305032597776,0.14918397415770,0.17749330080879,0.22016766478643,0.28880246145530,0.39920580402300,0.57807079094415,0.85264455678681,1.20588804636802,1.58076735891627,1.93439794222666,2.24590035542741,2.50644031326137,2.72032397717659,2.88549785002303,3.00739325625391,3.09815398363322,3.11327057266653,
17800,0.11892845976316,0.12084423308387,0.13305032598099,0.14918397415687,0.17749330080620,0.22016766478581,0.28880246145722,0.39920580402527,0.57807079094473,0.85264455678557,1.20588804636608,1.58076735891461,1.93439794222592,2.24590035542779,2.50644031326270,2.72032397717827,2.88549785002431,3.00739325625459,3.09815398363295,3.11327057266590,
17900,0.11892845975874,0.12084423308675,0.13305032598391,0.14918397415625,0.17749330080388,0.22016766478514,0.28880246145886,0.39920580402734,0.57807079094534,0.85264455678453,1.20588804636437,1.58076735891309,1.93439794222519,2.24590035542805,2.50644031326383,2.72032397717976,2.88549785002551,3.00739325625526,3.09815398363276,3.11327057266537,
18000,0.11892845975484,0.12084423308919,0.13305032598656,0.14918397415581,0.17749330080180,0.22016766478445,0.28880246146027,0.39920580402923,0.57807079094599,0.85264455678368,1.20588804636285,1.58076735891170,1.93439794222445,2.24590035542821,2.50644031326480,2.72032397718110,2.88549785002661,3.00739325625591,3.09815398363265,3.11327057266493,
18100,0.11892845975138,0.12084423309126,0.13305032598895,0.14918397415551,0.17749330079995,0.22016766478376,0.28880246146148,0.39920580403095,0.57807079094666,0.85264455678299,1.20588804636151,1.58076735891043,1.93439794222375,2.24590035542829,2.50644031326563,2.72032397718229,2.88549785002761,3.00739325625653,3.09815398363259,3.11327057266457,
18200,0.11892845974835,0.12084423309299,0.13305032599111,0.14918397415533,0.17749330079830,0.22016766478306,0.28880246146250,0.39920580403250,0.57807079094733,0.85264455678244,1.20588804636033,1.58076735890927,1.93439794222307,2.24590035542831,2.50644031326632,2.72032397718335,2.88549785002853,3.00739325625713,3.09815398363259,3.11327057266428,
18300,0.11892845974568,0.12084423309443,0.13305032599304,0.14918397415524,0.17749330079684,0.22016766478237,0.28880246146336,0.39920580403392,0.57807079094799,0.85264455678200,1.20588804635931,1.58076735890822,1.93439794222241,2.24590035542827,2.50644031326690,2.72032397718428,2.88549785002938,3.00739325625771,3.09815398363263,3.11327057266406,
18400,0.11892845974335,0.12084423309563,0.13305032599477,0.14918397415524,0.17749330079555,0.22016766478170,0.28880246146408,0.39920580403519,0.57807079094864,0.85264455678167,1.20588804635841,1.58076735890726,1.93439794222179,2.24590035542820,2.50644031326739,2.72032397718510,2.88549785003013,3.00739325625825,3.09815398363269,3.11327057266388,
18455,0.11892845972573,0.12084423309175,0.13305032601506,0.14918397416807,0.17749330078315,0.22016766476398,0.28880246146369,0.39920580405190,0.57807079096629,0.85264455678743,1.20588804635206,1.58076735889411,1.93439794220798,2.24590035541918,2.50644031326644,2.72032397719263,2.88549785004129,3.00739325626986,3.09815398363970,3.11327057266652,
