0,1.00000000000000,1.00000000000000,1.00000000000000,
1,0.99929887137839,1.00056107550066,0.99906641153651,
2,0.99798546525953,1.00176306650275,0.99753011228338,
3,0.99608631127041,1.00359238914563,0.99542291386738,
4,0.99364542172558,1.00601775541281,0.99279351034700,
5,0.99072130919213,1.00899272190516,0.98970472658701,
6,0.98738486655532,1.01245798632139,0.98623127216373,
7,0.98371670913345,1.01634419318199,0.98245695921485,
8,0.97980403805887,1.02057505207319,0.97847145651625,
9,0.97573717521743,1.02507063628669,0.97436672536561,
10,0.97160587269731,1.02975053769531,0.97023325966379,
11,0.96749562554086,1.03453690049664,0.96615635596453,
12,0.96348413078735,1.03935712192836,0.96221256908764,
13,0.95963811944334,1.04414620408030,0.95846657298360,
14,0.95601070808420,1.04884835005534,0.95496859267048,
15,0.95263949588794,1.05341835938448,0.95175261719328,
16,0.94954545509855,1.05782231234690,0.94883544315356,
17,0.94673271677573,1.06203777506160,0.94621664012099,
18,0.94418924781599,1.06605352245988,0.94387942311604,
19,0.94188836507606,1.06986884169513,0.94179236262010,
20,0.93979095454010,1.07349240851491,0.93991179849101,
21,0.93784561353782,1.07694058552699,0.93818201957905,
22,0.93599703451880,1.08023329093459,0.93654400257671,
23,0.93418829083509,1.08339801268621,0.93493778870811,
24,0.93236147438295,1.08646573798427,0.93330306348117,
25,0.93046210741468,1.08946852650713,0.93158365657843,
26,0.92844194358648,1.09243763114235,0.92973033120759,
27,0.92626166351913,1.09539896173922,0.92770348136407,
28,0.92389392191491,1.09836239879012,0.92547614162831,
29,0.92131823803471,1.10136664897886,0.92302827885434,
30,0.91852836743371,1.10442266545900,0.92035483559225,
31,0.91552878903943,1.10752593587989,0.91746158977757,
32,0.91233997148095,1.11069195128284,0.91437092791269,
33,0.90899113345321,1.11391300515723,0.91111390823712,
34,0.90552064870603,1.11717466696137,0.90773070756299,
35,0.90197401874586,1.12045670266952,0.90426850773321,
36,0.89840157215523,1.12373434311733,0.90077910789772,
37,0.89485596444622,1.12697973101285,0.89731636720130,
38,0.89138960750894,1.13016350742823,0.89393359495417,
39,0.88805213915826,1.13325644505987,0.89068100314640,
40,0.88488804680580,1.13623104615087,0.88760333543607,
41,0.88193455260602,1.13906302694512,0.88473777911347,
42,0.87921985824467,1.14173263008366,0.88211225428822,
43,0.87676182139571,1.14422568182947,0.87974415945756,
44,0.87456713986182,1.14653440014117,0.87763962702148,
45,0.87263100643786,1.14865806552072,0.87579326886008,
46,0.87093727290172,1.15060330838775,0.87418843269028,
47,0.86945962667799,1.15238268196042,0.87279841592668,
48,0.86816242208672,1.15401572233895,0.87158742771715,
49,0.86700241543258,1.15552769476345,0.87051237205595,
50,0.86592622251655,1.15695051025766,0.86952035414657,
51,0.86488504580118,1.15831562837924,0.86856341749876,
52,0.86382703326604,1.15965791372443,0.86759096891503,
53,0.86269961861779,1.16101384826873,0.86655210722633,
54,0.86145331196576,1.16241926800723,0.86539938524041,
55,0.86004369664693,1.16390791817844,0.86409076838066,
56,0.85843318835458,1.16551009594603,0.86259133862147,
57,0.85658019520128,1.16725189173895,0.86086379325391,
58,0.85448338760011,1.16915327438692,0.85890799734796,
59,0.85212473220475,1.17122657999995,0.85670967585729,
60,0.84950553481609,1.17347817491049,0.85427306452766,
61,0.84664822925161,1.17590800214333,0.85162240221909,
62,0.84356404988894,1.17850769006229,0.84877218137467,
63,0.84028264016617,1.18126279226071,0.84575403023806,
64,0.83684211796163,1.18415289494228,0.84260740934669,
65,0.83328668143907,1.18715249955711,0.83937718295850,
66,0.82966468683190,1.19023213532666,0.83611162462941,
67,0.82602660402615,1.19335955427754,0.83286032287388,
68,0.82242361556583,1.19650058371345,0.82967276032477,
69,0.81890296653746,1.19962204699059,0.82659368762474,
70,0.81550803048450,1.20269149150527,0.82366325288561,
71,0.81227447703882,1.20567937035671,0.82091327525959,
72,0.80923174619667,1.20855899273679,0.81836881939729,
73,0.80640080355145,1.21130726879720,0.81604608448666,
74,0.80379273884341,1.21390613243523,0.81395122019507,
75,0.80140854964575,1.21634294720703,0.81208025611602,
76,0.79924080178877,1.21860904055894,0.81042068368538,
77,0.79726896110563,1.22070508879703,0.80894804139655,
78,0.79546739178059,1.22263515363759,0.80763286410369,
79,0.79380424092110,1.22440816577019,0.80644009825761,
80,0.79224316571632,1.22603732550814,0.80533091014426,
81,0.79074520856083,1.22753935829552,0.80426460689312,
82,0.78927071488290,1.22893365599122,0.80320055753787,
83,0.78778120518008,1.23024134326631,0.80210003734314,
84,0.78624120654623,1.23148429438050,0.80092799202943,
85,0.78461320541299,1.23268065329248,0.79964734978638,
86,0.78287340895452,1.23384083419721,0.79823581351424,
87,0.78100746428999,1.23499659774832,0.79668138624925,
88,0.77900380217530,1.23616765810027,0.79497478355101,
89,0.77685989442697,1.23736666228286,0.79311580288922,
90,0.77458108919100,1.23860231136231,0.79111210367051,
91,0.77218213242494,1.23987926014185,0.78898060395724,
92,0.76967780606577,1.24119810876105,0.78673812955169,
93,0.76709270981448,1.24255525360635,0.78441097499598,
94,0.76445564575239,1.24394319394152,0.78202927249318,
95,0.76179762235354,1.24535136680723,0.77962498589659,
96,0.75915092019192,1.24676699127298,0.77723095996840,
97,0.75655111453874,1.24817411863463,0.77488280102975,
98,0.75403025298705,1.24955652927339,0.77261228781116,
99,0.75161830108275,1.25089779570106,0.77044876198318,
100,0.74934079581907,1.25218189463447,0.76841689893787,
101,0.74721854870607,1.25339423440780,0.76653645472795,
102,0.74526648896985,1.25452226827377,0.76482121278404,
103,0.74349297605092,1.25555608153571,0.76327838797377,
104,0.74189968240099,1.25648880667900,0.76190862055657,
105,0.74048105703711,1.25731703818418,0.76070551812225,
106,0.73922417375300,1.25804114143480,0.75965560403062,
107,0.73811048133545,1.25866507602068,0.75874011601680,
108,0.73711704894801,1.25919628184528,0.75793639344512,
109,0.73621698731921,1.25964473372513,0.75721810334141,
110,0.73537891268571,1.26002383435640,0.75655495363139,
111,0.73456993430462,1.26034908818937,0.75591554067480,
112,0.73375654283769,1.26063769948154,0.75526824707588,
113,0.73291138455550,1.26090749528526,0.75458714643784,
114,0.73199878508429,1.26117725618192,0.75383991817616,
115,0.73098480489493,1.26146578869637,0.75299633561611,
116,0.72985156141405,1.26179011026732,0.75204071940877,
117,0.72858007613830,1.26216574900967,0.75095710737329,
118,0.72715058282605,1.26260625248826,0.74972949096962,
119,0.72556217102991,1.26312149206793,0.74835898576978,
120,0.72381540382217,1.26371849141128,0.74684858588272,
121,0.72191746777416,1.26440081507260,0.74520723940763,
122,0.71988430910702,1.26516851959358,0.74345214591040,
123,0.71772906186130,1.26601825427782,0.74159824335193,
124,0.71547354373108,1.26694332271155,0.73966785701967,
125,0.71314269113842,1.26793391855721,0.73768580087691,
126,0.71076430138072,1.26897777234411,0.73567907462103,
127,0.70836741309895,1.27006057153399,0.73367526851172,
128,0.70598125252781,1.27116657273340,0.73170151765259,
129,0.70363262336623,1.27227934169066,0.72978207625843,
130,0.70134787371482,1.27338173548809,0.72794011215828,
131,0.69914926014573,1.27445724166833,0.72619438034686,
132,0.69705461176978,1.27549032743460,0.72455896868145,
133,0.69507602639856,1.27646701224800,0.72304209713621,
134,0.69322272634032,1.27737498552150,0.72164910791359,
135,0.69149732207353,1.27820420856484,0.72037886893729,
136,0.68989726239992,1.27894703614405,0.71922531197079,
137,0.68841504727619,1.27959836505120,0.71817783361536,
138,0.68703903482542,1.28015414387216,0.71722175160120,
139,0.68575331885838,1.28061597905808,0.71633930480817,
140,0.68453884415269,1.28098732880160,0.71551009963818,
141,0.68337552160685,1.28127294066867,0.71471307158313,
142,0.68224296861178,1.28147938406621,0.71392739512575,
143,0.68112092678677,1.28161478338960,0.71313291952280,
144,0.67999040263196,1.28168823444749,0.71231121198910,
145,0.67883380350936,1.28170876850829,0.71144549895069,
146,0.67763335116450,1.28167539955905,0.71051859453152,
147,0.67638213695148,1.28160979443725,0.70952578221508,
148,0.67507544236408,1.28152154996131,0.70846397443275,
149,0.67370985990871,1.28141832620348,0.70733151444444,
150,0.67228739137399,1.28130641296317,0.70613205186788,
151,0.67081469358744,1.28119013379623,0.70487368634048,
152,0.66929982927937,1.28107255529092,0.70356584045499,
153,0.66775449431937,1.28095470480906,0.70222128557862,
154,0.66619360656700,1.28083556590095,0.70085570337054,
155,0.66463371225216,1.28071243181283,0.69948613182252,
156,0.66309236967671,1.28058115597382,0.69813030829227,
157,0.66158732361551,1.28043640468565,0.69680588037134,
158,0.66013576043415,1.28027199088794,0.69552969620852,
159,0.65875336692804,1.28008123740056,0.69431690567148,
160,0.65745317638133,1.27985750431786,0.69317989152995,
161,0.65624753329271,1.27959406176852,0.69213016998438,
162,0.65514451206887,1.27928493655648,0.69117505564550,
163,0.65414781116091,1.27892497492088,0.69031757021162,
164,0.65325818369182,1.27851022925393,0.68955786658753,
165,0.65247229468963,1.27803827553075,0.68889223207126,
166,0.65178443101773,1.27750815321201,0.68831475166044,
167,0.65118291248806,1.27692082677423,0.68781392853927,
168,0.65065430862559,1.27627875753241,0.68737675244709,
169,0.65018215611655,1.27558605761090,0.68698747953292,
170,0.64974710747196,1.27484849925142,0.68662781460631,
171,0.64933113717571,1.27407280727080,0.68628108029347,
172,0.64891610725589,1.27326668668324,0.68593067081304,
173,0.64848517808850,1.27243809746508,0.68556090582322,
174,0.64801626905247,1.27159623266930,0.68515256821228,
175,0.64749167343225,1.27075025930446,0.68469025708821,
176,0.64689892170892,1.26990878272995,0.68416329044505,
177,0.64622728766645,1.26907980917623,0.68356301313311,
178,0.64546872067632,1.26827060573878,0.68288338031680,
179,0.64461512399462,1.26748741764845,0.68211871734436,
180,0.64366834130125,1.26673458586024,0.68127199782364,
181,0.64263080245399,1.26601505900980,0.68034691935595,
182,0.64150933404922,1.26532977392937,0.67935119470381,
183,0.64031907787062,1.26467760508964,0.67829987280238,
184,0.63906859756784,1.26405647289940,0.67720233263241,
185,0.63777125094316,1.26346227723581,0.67607167685970,
186,0.63644307622422,1.26288924684259,0.67492328971380,
187,0.63510159669890,1.26233033429176,0.67377354213107,
188,0.63376455206203,1.26177742265901,0.67263863117134,
189,0.63244938917553,1.26122161058703,0.67153409695775,
190,0.63117217973824,1.26065361682719,0.67047388508534,
191,0.62994731341137,1.26006409280883,0.66947003425362,
192,0.62878730651089,1.25944386511521,0.66853255596124,
193,0.62770184619121,1.25878425457908,0.66766858323500,
194,0.62669713214846,1.25807750167977,0.66688183001443,
195,0.62577724483144,1.25731686848188,0.66617394338407,
196,0.62494183554364,1.25649686515914,0.66554240004374,
197,0.62418716842022,1.25561346263291,0.66498154070899,
198,0.62350851926036,1.25466384793085,0.66448499919713,
199,0.62289807024574,1.25364617042866,0.66404353631195,
200,0.62234541784755,1.25256048520332,0.66364578696972,
201,0.62183850955182,1.25140951166393,0.66327941810647,
202,0.62136472133313,1.25019630036955,0.66293164746134,
203,0.62091129097535,1.24892482968172,0.66258986636650,
204,0.62046601588247,1.24759995369585,0.66224231560841,
205,0.62001707652397,1.24622725631494,0.66187790129479,
206,0.61955361069045,1.24481154819441,0.66148666147632,
207,0.61906649855017,1.24335652576726,0.66106028769246,
208,0.61854701897264,1.24187127376489,0.66059133814096,
209,0.61799247938684,1.24036264605272,0.66007857353777,
210,0.61740036241002,1.23883590956178,0.65952073410516,
211,0.61677177616411,1.23729521425765,0.65892003258086,
212,0.61610999728584,1.23574362951006,0.65828070568854,
213,0.61542065544020,1.23418312991203,0.65760918247820,
214,0.61471042522615,1.23261474763543,0.65691278683520,
215,0.61398700334686,1.23103851425313,0.65619970438996,
216,0.61326001513263,1.22945317037149,0.65547978415720,
217,0.61253994206871,1.22785645022637,0.65476352201361,
218,0.61183814720396,1.22624533221852,0.65406208954846,
219,0.61116436256207,1.22461607358397,0.65338493064344,
220,0.61052821277401,1.22296442467266,0.65274122254600,
221,0.60993820721314,1.22128593162869,0.65213894589391,
222,0.60940191888648,1.21957602213101,0.65158509331246,
223,0.60892448717007,1.21783051185836,0.65108424962661,
224,0.60850957840462,1.21604546157910,0.65063953235599,
225,0.60815885709910,1.21421747243699,0.65025217562473,
226,0.60787147986578,1.21234397223558,0.64992103298827,
227,0.60764501808217,1.21042314149383,0.64964349270803,
228,0.60747423790817,1.20845439152337,0.64941437326285,
229,0.60735214197556,1.20643816489377,0.64922691723767,
230,0.60726966605984,1.20437599413983,0.64907247365897,
231,0.60721744374356,1.20227007650156,0.64894233779409,
232,0.60718514999447,1.20012351181454,0.64882686972351,
233,0.60716173095643,1.19794023269796,0.64871593333366,
234,0.60713473835110,1.19572506604221,0.64859862696694,
235,0.60709301469851,1.19348322905483,0.64846510360897,
236,0.60702698841784,1.19122014522385,0.64830700030250,
237,0.60692745430203,1.18894144621598,0.64811649476015,
238,0.60678674793398,1.18665273810018,0.64788730653948,
239,0.60659935250172,1.18435905568474,0.64761521627216,
240,0.60636138088607,1.18206502584161,0.64729756151067,
241,0.60607083680452,1.17977464762786,0.64693347824062,
242,0.60572647921129,1.17749089153052,0.64652285986243,
243,0.60533225462485,1.17521583259172,0.64607009649351,
244,0.60489148191941,1.17295072509859,0.64557901440649,
245,0.60441096771904,1.17069566637799,0.64505634863600,
246,0.60389704998384,1.16844955624833,0.64450867668681,
247,0.60335734363772,1.16621039773178,0.64394339151070,
248,0.60280074010615,1.16397517298331,0.64336883833780,
249,0.60223654638766,1.16174002780947,0.64279354124580,
250,0.60167378362010,1.15950061071022,0.64222556527621,
251,0.60112168088995,1.15725192119210,0.64167297109688,
252,0.60058877177601,1.15498869005503,0.64114301082935,
253,0.60008200138711,1.15270535649375,0.64064124614615,
254,0.59960759191016,1.15039654242773,0.64017243353648,
255,0.59917005556619,1.14805700721036,0.63973966642574,
256,0.59877249380688,1.14568203459024,0.63934466110833,
257,0.59841554524710,1.14326776060951,0.63898680955014,
258,0.59809897045155,1.14081057199080,0.63866467459092,
259,0.59782038252497,1.13830800107675,0.63837487580646,
260,0.59757676240237,1.13575810090036,0.63811356450246,
261,0.59736384423473,1.13315916195535,0.63787568211018,
262,0.59717580293889,1.13051184331280,0.63765513750766,
263,0.59700636394164,1.12781730775237,0.63744551841844,
264,0.59684859848784,1.12507722927088,0.63723990361680,
265,0.59669594832942,1.12229382121938,0.63703191901600,
266,0.59654189034711,1.11946914732002,0.63681535576438,
267,0.59638039976555,1.11660707960086,0.63658469430152,
268,0.59620633140140,1.11371135969970,0.63633540235281,
269,0.59601517510201,1.11078487447714,0.63606360023073,
270,0.59580300502455,1.10783129918548,0.63576601968295,
271,0.59556848543253,1.10485543503430,0.63544225578234,
272,0.59531099752512,1.10186063274843,0.63509244311115,
273,0.59503089717761,1.09884984291570,0.63471763593842,
274,0.59473007960737,1.09582543304018,0.63432036126131,
275,0.59441213654438,1.09278873604004,0.63390467222110,
276,0.59408000762291,1.08974099105498,0.63347397613313,
277,0.59373800772468,1.08668268230702,0.63303290235721,
278,0.59339112647416,1.08361351128452,0.63258662008898,
279,0.59304458188031,1.08053261326094,0.63214041442765,
280,0.59270364857532,1.07743867298349,0.63169952394460,
281,0.59237340281720,1.07432999199921,0.63126889991868,
282,0.59205837850899,1.07120443131320,0.63085286038684,
283,0.59176272425211,1.06805973651295,0.63045528624151,
284,0.59148936654216,1.06489381335042,0.63007884118641,
285,0.59124042153015,1.06170464031089,0.62972536443470,
286,0.59101682615224,1.05849019183557,0.62939550494129,
287,0.59081835001764,1.05524880460389,0.62908878210971,
288,0.59064357151350,1.05197951848301,0.62880360995060,
289,0.59049030268283,1.04868147540017,0.62853769034835,
290,0.59035514896149,1.04535466764408,0.62828762569240,
291,0.59023402048665,1.04199952891052,0.62804940985320,
292,0.59012138326776,1.03861742897970,0.62781773332125,
293,0.59001148973851,1.03521001453398,0.62758706700671,
294,0.58989853453863,1.03177933327185,0.62735200418562,
295,0.58977591725086,1.02832836604079,0.62710658339490,
296,0.58963760986964,1.02486030411127,0.62684535476352,
297,0.58947784789282,1.02137848635290,0.62656315541647,
298,0.58929133230429,1.01788655163031,0.62625536933780,
299,0.58907353003082,1.01438817155576,0.62591816276560,
300,0.58882078434396,1.01088691384334,0.62554856893155,
301,0.58853038083040,1.00738631260415,0.62514455395327,
302,0.58820090983708,1.00388932574636,0.62470531641380,
303,0.58783205140218,1.00039853602525,0.62423108035967,
304,0.58742375637842,0.99691618975728,0.62372241018832,
305,0.58697888444302,0.99344350497429,0.62318234462259,
306,0.58650066454448,0.98998138165413,0.62261425522422,
307,0.58599239867342,0.98653013942551,0.62202159600397,
308,0.58545846704655,0.98308913278947,0.62140871943613,
309,0.58490380250141,0.97965716161114,0.62078036412017,
310,0.58433372363171,0.97623242323741,0.62014151964538,
311,0.58375361577946,0.97281272203197,0.61949713526442,
312,0.58316877890112,0.96939535905038,0.61885195614708,
313,0.58258420595306,0.96597733267697,0.61821033060620,
314,0.58200442831519,0.96255549406788,0.61757608442484,
315,0.58143339689821,0.95912686502413,0.61695244427899,
316,0.58087429293689,0.95568834644501,0.61634183581889,
317,0.58032906671646,0.95223674352215,0.61574543108560,
318,0.57979891014258,0.94876936617725,0.61516364341616,
319,0.57928411247332,0.94528402530109,0.61459609592079,
320,0.57878393163859,0.94177906304944,0.61404144469868,
321,0.57829659707509,0.93825341103106,0.61349741499451,
322,0.57781941207327,0.93470663783833,0.61296090126132,
323,0.57734911722958,0.93113848546305,0.61242831582523,
324,0.57688223474864,0.92755000949313,0.61189606546130,
325,0.57641447970874,0.92394267687565,0.61135985306162,
326,0.57594144815992,0.92031843304713,0.61081534740334,
327,0.57545892767057,0.91668008770864,0.61025856329723,
328,0.57496267491443,0.91303054053481,0.60968555167264,
329,0.57444844020222,0.90937279823981,0.60909240190515,
330,0.57391286730687,0.90571007055633,0.60847618074180,
331,0.57335321289766,0.90204580144867,0.60783462608458,
332,0.57276727953039,0.89838315660030,0.60716601554280,
333,0.57215339847614,0.89472497881476,0.60646913667827,
334,0.57151145581191,0.89107494056109,0.60574444426401,
335,0.57084184843761,0.88743575123802,0.60499279756195,
336,0.57014556178342,0.88380955652778,0.60421557306543,
337,0.56942458343604,0.88019815432183,0.60341510239042,
338,0.56868150641491,0.87660265367513,0.60259423775494,
339,0.56791945463140,0.87302379752739,0.60175630114101,
340,0.56714144001126,0.86946145018593,0.60090436605893,
341,0.56635085020493,0.86591507578841,0.60004180369625,
342,0.56555148274950,0.86238393452877,0.59917235181179,
343,0.56474696291872,0.85886675737738,0.59829948866669,
344,0.56394066823266,0.85536200328544,0.59742638491563,
345,0.56313567310633,0.85186796391225,0.59655586015673,
346,0.56233455166523,0.84838284895604,0.59569020260884,
347,0.56153928046464,0.84490490712699,0.59483109290535,
348,0.56075118688820,0.84143258726642,0.59397956363956,
349,0.55997087550065,0.83796449532831,0.59313593316930,
350,0.55919868915938,0.83449960548159,0.59230030632848,
351,0.55843381704929,0.83103715287346,0.59147165243601,
352,0.55767469444616,0.82757664534417,0.59064822692314,
353,0.55691923062974,0.82411819645657,0.58982783502627,
354,0.55616497134788,0.82066242830978,0.58900798163651,
355,0.55540915933067,0.81721064148809,0.58818599505630,
356,0.55464871378425,0.81376458700328,0.58735894288869,
357,0.55388006106583,0.81032621858162,0.58652343411976,
358,0.55309990162567,0.80689793055452,0.58567642518176,
359,0.55230499959499,0.80348257778771,0.58481500778241,
360,0.55149244587212,0.80008295267571,0.58393661216484,
361,0.55065949005746,0.79670207743399,0.58303887346518,
362,0.54980434916203,0.79334308167693,0.58212042029798,
363,0.54892555308706,0.79000880192316,0.58118015774819,
364,0.54802209085913,0.78670193395597,0.58021746018170,
365,0.54709384585796,0.78342503530180,0.57923256379472,
366,0.54614159644303,0.78018025313776,0.57822654552956,
367,0.54516660897430,0.77696917597895,0.57720089969656,
368,0.54417082658982,0.77379303049661,0.57615774101916,
369,0.54315679677873,0.77065294572389,0.57509978186811,
370,0.54212703061155,0.76754904968412,0.57402952902020,
371,0.54108486777840,0.76448089695515,0.57295024077608,
372,0.54003369912870,0.76144763656573,0.57186515220801,
373,0.53897739254326,0.75844819682326,0.57077794170607,
374,0.53791901917175,0.75548117297059,0.56969139261709,
375,0.53686185600643,0.75254465741233,0.56860842020324,
376,0.53580920596012,0.74963670249462,0.56753194162901,
377,0.53476362867099,0.74675520769925,0.56646408710018,
378,0.53372770882932,0.74389831714990,0.56540705332884,
379,0.53270307516892,0.74106419496234,0.56436204598010,
380,0.53169062138725,0.73825128907773,0.56332956528813,
381,0.53069067230866,0.73545799546222,0.56230953326953,
382,0.52970316990490,0.73268334680756,0.56130158945873,
383,0.52872724266380,0.72992660167801,0.56030457883566,
384,0.52776175898379,0.72718753421033,0.55931717675936,
385,0.52680505856081,0.72446666357185,0.55833762656384,
386,0.52585461772747,0.72176457809617,0.55736331873457,
387,0.52490771263626,0.71908273134511,0.55639158124473,
388,0.52396175557907,0.71642280216833,0.55541994301153,
389,0.52301415132646,0.71378682033599,0.55444598766001,
390,0.52206299818663,0.71117757997636,0.55346814322429,
391,0.52110546933363,0.70859778154136,0.55248388333013,
392,0.52013963223079,0.70604998916057,0.55149160851097,
393,0.51916410928974,0.70353706084334,0.55049033084148,
394,0.51817760541429,0.70106160824500,0.54947912786653,
395,0.51717952753750,0.69862624547412,0.54845780609003,
396,0.51616953802427,0.69623420441832,0.54742646298987,
397,0.51514734736561,0.69388712927812,0.54638508664551,
398,0.51411441700921,0.69158707387935,0.54533544861012,
399,0.51307196114863,0.68933546677542,0.54427900438023,
400,0.51202153597920,0.68713317090441,0.54321745791950,
401,0.51096518004546,0.68498110361781,0.54215300429093,
402,0.50990572403738,0.68287975159252,0.54108857534309,
403,0.50884615092798,0.68082857326196,0.54002710359642,
404,0.50778912218292,0.67882695557752,0.53897116324807,
405,0.50673738785967,0.67687355391947,0.53792332612912,
406,0.50569359154553,0.67496694970817,0.53688601606088,
407,0.50466041637701,0.67310656287640,0.53586175443561,
408,0.50363990210203,0.67129111281015,0.53485232576552,
409,0.50263317562367,0.66951863683609,0.53385845769405,
410,0.50164141899577,0.66778764843779,0.53288100269013,
411,0.50066517582106,0.66609687140390,0.53192018076955,
412,0.49970399640662,0.66444487279573,0.53097515498161,
413,0.49875864244345,0.66283129427377,0.53004649954412,
414,0.49782902823563,0.66125588493223,0.52913394433498,
415,0.49691335694612,0.65971835453947,0.52823543801645,
416,0.49601054700342,0.65821859531216,0.52734974188475,
417,0.49511878027213,0.65675686884567,0.52647490686386,
418,0.49423629572896,0.65533465092408,0.52560915113565,
419,0.49336119718696,0.65395388205686,0.52475066927811,
420,0.49249134930525,0.65261506932205,0.52389726483041,
421,0.49162553706905,0.65132035162258,0.52304789310161,
422,0.49076097182051,0.65007138870529,0.52219981847375,
423,0.48989590781313,0.64887026739035,0.52135146791391,
424,0.48902900791892,0.64771768037653,0.52050152820888,
425,0.48815955683024,0.64661635112510,0.51964955793533,
426,0.48728792247486,0.64556855359760,0.51879620510345,
427,0.48641429458862,0.64457488448106,0.51794174313194,
428,0.48553887447079,0.64363656202212,0.51708651199821,
429,0.48466316057236,0.64275468145840,0.51623212144670,
430,0.48378859989101,0.64193058464424,0.51538016982859,
431,0.48291675747408,0.64116365657472,0.51453216153782,
432,0.48205000169223,0.64045325727409,0.51369041697342,
433,0.48119091605264,0.63979866939661,0.51285741719594,
434,0.48034282447876,0.63919930732849,0.51203644914079,
435,0.47950762313108,0.63865305363661,0.51122911342614,
436,0.47868763552560,0.63815813853849,0.51043748069628,
437,0.47788481817295,0.63771311788075,0.50966326381807,
438,0.47710219787057,0.63731636570999,0.50890934123434,
439,0.47634096592673,0.63696572600840,0.50817656273917,
440,0.47560278042053,0.63666012982644,0.50746638894536,
441,0.47488781707750,0.63639823901103,0.50677873705247,
442,0.47419703753231,0.63617825601574,0.50611433144549,
443,0.47353105319404,0.63599835395411,0.50547355541695,
444,0.47288890751695,0.63585775291415,0.50485530543113,
445,0.47226941383801,0.63575572135303,0.50425826943380,
446,0.47167124087041,0.63569202433473,0.50368109090910,
447,0.47109291826413,0.63566599989410,0.50312228430044,
448,0.47053270338421,0.63567871067421,0.50258025163310,
449,0.46998684953920,0.63573020838597,0.50205125550414,
450,0.46945358189567,0.63582241451340,0.50153382773033,
451,0.46892975731746,0.63595691266149,0.50102506524719,
452,0.46841319601041,0.63613574168395,0.50052314496803,
453,0.46790072282719,0.63636083885969,0.50002521421049,
454,0.46739043990320,0.63663269855458,0.49952958097605,
455,0.46688043113067,0.63695326554839,0.49903473563426,
456,0.46636984862412,0.63732364238428,0.49854014979187,
457,0.46585799633129,0.63774513046396,0.49804546843969,
458,0.46534401484313,0.63821872508524,0.49755011629239,
459,0.46482790883229,0.63874449043549,0.49705434847460,
460,0.46431008062479,0.63932327390446,0.49655881816739,
461,0.46379001168811,0.63995509138982,0.49606309993465,
462,0.46326970734890,0.64064024338311,0.49556944123655,
463,0.46275052339941,0.64137831585291,0.49507919501839,
464,0.46223349275942,0.64216945846557,0.49459347092482,
465,0.46172076567158,0.64301090140638,0.49411417847753,
466,0.46121430220461,0.64390040683174,0.49364305176932,
467,0.46071544136191,0.64483576199642,0.49318112753700,
468,0.46022697830568,0.64581483254148,0.49273099628740,
469,0.45975120284347,0.64683487595416,0.49229459885906,
470,0.45928986551229,0.64789247431496,0.49187325369482,
471,0.45884514090112,0.64898423923504,0.49146875182067,
472,0.45841854656589,0.65010931207924,0.49108236191836,
473,0.45800950701311,0.65126465738727,0.49071295085485,
474,0.45761842170145,0.65244823882486,0.49036054558118,
475,0.45724519868021,0.65365987549664,0.49002491537899,
476,0.45688977683783,0.65489726125179,0.48970560865137,
477,0.45655195701984,0.65615751006063,0.48940195171266,
478,0.45623066256777,0.65743906790401,0.48911253873626,
479,0.45592453304516,0.65874101625986,0.48883578618411,
480,0.45563127881041,0.66006263749623,0.48856915412603,
481,0.45535022561304,0.66140358504519,0.48831188443936,
482,0.45508052628024,0.66276140097688,0.48806292613522,
483,0.45482065338343,0.66413784787747,0.48782082262300,
484,0.45456953385543,0.66553294626751,0.48758454708159,
485,0.45432606677643,0.66694731016693,0.48735300770439,
486,0.45408788745778,0.66838134063805,0.48712382562055,
487,0.45385413766308,0.66983604642574,0.48689625859856,
488,0.45362566303657,0.67131151092526,0.48667128268275,
489,0.45340105306998,0.67280726748941,0.48644741756572,
490,0.45318064207300,0.67432303407720,0.48622503181572,
491,0.45296500503423,0.67585842417310,0.48600474114017,
492,0.45275521529922,0.67741297486005,0.48578767511949,
493,0.45255175699882,0.67898455462167,0.48557416364844,
494,0.45235561029142,0.68057243902283,0.48536518812926,
495,0.45216803166147,0.68217745697505,0.48516220032585,
496,0.45199092279378,0.68379815285486,0.48496699571015,
497,0.45182616332495,0.68543408147147,0.48478151571352,
498,0.45167433352996,0.68708313590742,0.48460615581667,
499,0.45153764998732,0.68874313731351,0.48444300858376,
500,0.45141675017889,0.69041334030796,0.48429269202763,
501,0.45131340343925,0.69209207122728,0.48415693189815,
502,0.45122704065921,0.69377731724109,0.48403495936417,
503,0.45115733323717,0.69546780247495,0.48392638700082,
504,0.45110459444353,0.69716170108270,0.48383148085335,
505,0.45106818643072,0.69885636518988,0.48374952129970,
506,0.45104716823956,0.70055222656114,0.48367963255534,
507,0.45104024662735,0.70224969035430,0.48362072889560,
508,0.45104535669377,0.70394881007560,0.48357090757197,
509,0.45106115036385,0.70564981111810,0.48352909665056,
510,0.45108513142587,0.70735255633996,0.48349303531661,
511,0.45111525917581,0.70905586770145,0.48346072541268,
512,0.45114905727918,0.71076156585186,0.48343012471500,
513,0.45118537450151,0.71246991908519,0.48340042068048,
514,0.45122135574514,0.71418188458928,0.48336919385233,
515,0.45125440036153,0.71589756649759,0.48333403313877,
516,0.45128280263072,0.71761676203557,0.48329349517617,
517,0.45130399434709,0.71934039595214,0.48324534299414,
518,0.45131578458336,0.72107053310613,0.48318781084167,
519,0.45131673676865,0.72280836368398,0.48311991938201,
520,0.45130709469773,0.72455385570025,0.48304212877421,
521,0.45128648368686,0.72630810273262,0.48295438918991,
522,0.45125512810974,0.72807111426322,0.48285718313916,
523,0.45121311952412,0.72984076914721,0.48275051078663,
524,0.45116082594347,0.73161829352646,0.48263490853045,
525,0.45109971644290,0.73340242969969,0.48251183626915,
526,0.45103127166521,0.73519236223619,0.48238278830175,
527,0.45095859395828,0.73698635137812,0.48225079289000,
528,0.45088196116657,0.73878140037084,0.48211571751518,
529,0.45080207769819,0.74057786927815,0.48197816335284,
530,0.45072025571330,0.74237470527089,0.48183922486888,
531,0.45063730851634,0.74416979522007,0.48169930804993,
532,0.45055465039613,0.74596118764878,0.48155949927296,
533,0.45047445645139,0.74774786865658,0.48142175324893,
534,0.45039760089543,0.74952752675244,0.48128643810465,
535,0.45032617049553,0.75129686170695,0.48115514762320,
536,0.45026063871348,0.75305571047036,0.48102806915911,
537,0.45020071308533,0.75480225529511,0.48090441965556,
538,0.45014623750590,0.75653548773958,0.48078369245995,
539,0.45009766965792,0.75825271070831,0.48066583865643,
540,0.45005588998474,0.75995397820805,0.48055161718274,
541,0.45001872714800,0.76163928627507,0.48043845842738,
542,0.44998446791138,0.76330814731457,0.48032440865436,
543,0.44995237196263,0.76496163435607,0.48020863066802,
544,0.44992126533392,0.76659688623912,0.48008936623397,
545,0.44988962221089,0.76821698676692,0.47996528150909,
546,0.44985760139923,0.76982008008962,0.47983639653863,
547,0.44982435136443,0.77140558237436,0.47970159454448,
548,0.44979011801784,0.77297554032287,0.47956118462509,
549,0.44975475411720,0.77452980335022,0.47941492078452,
550,0.44971868392408,0.77606911751744,0.47926326607577,
551,0.44968110331476,0.77759166638992,0.47910520026397,
552,0.44964156251796,0.77910010962819,0.47894044575521,
553,0.44960111380809,0.78059516853565,0.47877016392117,
554,0.44956058098800,0.78207723373452,0.47859523920369,
555,0.44952061196389,0.78354617659060,0.47841629678160,
556,0.44948215027004,0.78500108562713,0.47823420566368,
557,0.44944531651532,0.78644249226261,0.47804917750498,
558,0.44941231638973,0.78786916450356,0.47786335017381,
559,0.44938384531653,0.78928130991221,0.47767744736629,
560,0.44936109346470,0.79067879360952,0.47749267950255,
561,0.44934596678130,0.79206105121780,0.47731107329154,
562,0.44933970600318,0.79342724499894,0.47713391014532,
563,0.44934310581650,0.79477667827921,0.47696195321306,
564,0.44935654943822,0.79611008253477,0.47679577671170,
565,0.44937931618538,0.79742798747441,0.47663481390478,
566,0.44941081754493,0.79873156981913,0.47647875315126,
567,0.44945097750112,0.80001990782846,0.47632756536190,
568,0.44949795403463,0.80129462854953,0.47617975090171,
569,0.44955088137217,0.80255338761671,0.47603434070151,
570,0.44960932168717,0.80379641807268,0.47589116862303,
571,0.44967119839167,0.80502654360655,0.47574869252173,
572,0.44973331546712,0.80624489902364,0.47560391182567,
573,0.44979236881503,0.80745226572857,0.47545377168648,
574,0.44984972619582,0.80864762250932,0.47529994940290,
575,0.44990212434097,0.80983489557578,0.47513977141627,
576,0.44994679226469,0.81101545849414,0.47497083139827,
577,0.44998160980099,0.81219142962641,0.47479150457258,
578,0.45000467473353,0.81336443483505,0.47460061086743,
579,0.45001397933117,0.81453592135884,0.47439628451787,
580,0.45000881897910,0.81570762843675,0.47417817707047,
581,0.44998758667861,0.81687948473149,0.47394481563039,
582,0.44995013926051,0.81804974567224,0.47369605960855,
583,0.44989650391809,0.81922225773863,0.47343253234193,
584,0.44982544735581,0.82039894938261,0.47315334888300,
585,0.44973920121027,0.82157689021060,0.47286056057365,
586,0.44963729781382,0.82275636029786,0.47255363608400,
587,0.44952016902316,0.82393956925302,0.47223321316109,
588,0.44939012103715,0.82512604946289,0.47190176938215,
589,0.44924722213232,0.82631613128267,0.47155933992952,
590,0.44909381190944,0.82750809959965,0.47120800693439,
591,0.44893271438902,0.82870169064732,0.47085054712117,
592,0.44876538255174,0.82989654390270,0.47048823456999,
593,0.44859397664913,0.83109103762562,0.47012289800293,
594,0.44842084003374,0.83227890861477,0.46975603794769,
595,0.44824571370177,0.83346341847546,0.46938739883962,
596,0.44807002301072,0.83464494211803,0.46901814322496,
597,0.44789734449519,0.83581782183112,0.46865104527396,
598,0.44772781544626,0.83698294359693,0.46828597569137,
599,0.44756086127488,0.83814042853042,0.46792199842851,
600,0.44739723873829,0.83928907773876,0.46755929346471,
601,0.44723761412443,0.84042860159213,0.46719834512431,
602,0.44708249391094,0.84155780057623,0.46683923152810,
603,0.44693212560702,0.84267646189396,0.46648190646232,
604,0.44678564610191,0.84378628992914,0.46612540699397,
605,0.44664369057907,0.84488594779126,0.46576998402957,
606,0.44650650678656,0.84597102329630,0.46541521185235,
607,0.44637249305277,0.84704537987120,0.46505966924344,
608,0.44624121962571,0.84811090218072,0.46470284100047,
609,0.44611242388435,0.84916463545522,0.46434421432501,
610,0.44598515827421,0.85020945991343,0.46398259344884,
611,0.44585933331937,0.85124680415050,0.46361794989420,
612,0.44573459509080,0.85227609092037,0.46324973878448,
613,0.44561175108862,0.85329760431912,0.46287875752063,
614,0.44549200963496,0.85431228079998,0.46250638055986,
615,0.44537507461102,0.85532148855028,0.46213245461950,
616,0.44526117169459,0.85632651474291,0.46175732756250,
617,0.44515157604000,0.85732766787552,0.46138240577914,
618,0.44504869951097,0.85832012831208,0.46100977222991,
619,0.44495338398100,0.85930623866388,0.46064073342638,
620,0.44486599830639,0.86028979682859,0.46027617299411,
621,0.44478797284095,0.86126934120550,0.45991739727837,
622,0.44471957475988,0.86224442207189,0.45956475245016,
623,0.44466051644670,0.86321734417194,0.45921835288634,
624,0.44461189329774,0.86418684713873,0.45887933913393,
625,0.44457480046458,0.86515146467473,0.45854897042523,
626,0.44454966772147,0.86611280996533,0.45822813460688,
627,0.44453569528099,0.86707188453252,0.45791636749349,
628,0.44453440702784,0.86802887538555,0.45761565113499,
629,0.44454437585549,0.86898655907868,0.45732512496206,
630,0.44456567045374,0.86993978605454,0.45704457404987,
631,0.44459354262922,0.87089045016905,0.45676963920166,
632,0.44462926443412,0.87184254648484,0.45650245897426,
633,0.44467176574027,0.87279833991026,0.45624253055703,
634,0.44471665440185,0.87375779629055,0.45598559245786,
635,0.44476180051328,0.87472270933323,0.45572997690531,
636,0.44480521556785,0.87569413951166,0.45547415777146,
637,0.44484427224456,0.87667266888084,0.45521580657784,
638,0.44487646429475,0.87765885153848,0.45495277507134,
639,0.44489966036008,0.87865685173615,0.45468377414718,
640,0.44491122615173,0.87966525338556,0.45440665369972,
641,0.44491063768469,0.88068788362877,0.45412133328360,
642,0.44489809089252,0.88172324767130,0.45382821737173,
643,0.44487176124502,0.88277177768067,0.45352565890676,
644,0.44483149752116,0.88383648229585,0.45321405359516,
645,0.44477490090363,0.88491830289234,0.45289112708535,
646,0.44470278054909,0.88602017568345,0.45255837680076,
647,0.44461547271511,0.88713973311150,0.45221595460230,
648,0.44451407376919,0.88827823060893,0.45186522334804,
649,0.44440003498228,0.88943386297296,0.45150752077803,
650,0.44427391198730,0.89060589633752,0.45114337404649,
651,0.44413669959175,0.89179319124906,0.45077364744783,
652,0.44399025402176,0.89299528100138,0.45040018882592,
653,0.44383720295736,0.89420943783586,0.45002532867844,
654,0.44368170757140,0.89543501965907,0.44965321944483,
655,0.44352560537789,0.89667101073502,0.44928546162207,
656,0.44337154078669,0.89791507823154,0.44892435870247,
657,0.44321825309188,0.89916713037357,0.44856820251674,
658,0.44306845124638,0.90042590639685,0.44821935684070,
659,0.44292401399456,0.90169119161775,0.44787949305892,
660,0.44278525815509,0.90296132669871,0.44754834218223,
661,0.44265361123329,0.90423397708337,0.44722681321996,
662,0.44252899872772,0.90550849673225,0.44691445064417,
663,0.44241138332003,0.90678085548897,0.44661042696356,
664,0.44230287185301,0.90805211335606,0.44631672993743,
665,0.44220424551572,0.90932083455970,0.44603350595736,
666,0.44211504082174,0.91058546198178,0.44575990069496,
667,0.44203488067069,0.91184759020407,0.44549545094265,
668,0.44196441232532,0.91310458243404,0.44524029088105,
669,0.44190196332681,0.91435872204591,0.44499261814658,
670,0.44184787858737,0.91560992214767,0.44475260914627,
671,0.44180068554622,0.91685801407730,0.44451873810191,
672,0.44176027936339,0.91810430141948,0.44429088174281,
673,0.44172627830528,0.91935023894304,0.44406850372295,
674,0.44169616616825,0.92059347524153,0.44384851020904,
675,0.44167377898329,0.92183498901727,0.44363502906714,
676,0.44165905552386,0.92307331561327,0.44342793039207,
677,0.44165345212118,0.92430859523044,0.44322879708444,
678,0.44165760088843,0.92554086658824,0.44303841475145,
679,0.44167188079225,0.92677082984297,0.44285731719023,
680,0.44169816280721,0.92799707215908,0.44268745595988,
681,0.44173670646552,0.92922214373273,0.44252957436206,
682,0.44178859990342,0.93044539649573,0.44238493487106,
683,0.44185509707483,0.93166768128918,0.44225523317172,
684,0.44193732147933,0.93288932721729,0.44214199373268,
685,0.44203245613588,0.93411282315106,0.44204287542167,
686,0.44214422994625,0.93533554661583,0.44196173451599,
687,0.44227273982896,0.93655689855287,0.44189891552040,
688,0.44241611103077,0.93777783386843,0.44185295112063,
689,0.44257748688815,0.93899353606136,0.44182695963666,
690,0.44275533028170,0.94020697778019,0.44182002325117,
691,0.44294856366429,0.94142097369908,0.44183175192719,
692,0.44315612714578,0.94263336249438,0.44186124675965,
693,0.44337582658275,0.94384644023763,0.44190684433577,
694,0.44360554833883,0.94506227999947,0.44196695574636,
695,0.44384325049375,0.94628296559312,0.44204003398844,
696,0.44408303084891,0.94750897515401,0.44212036291337,
697,0.44432296188913,0.94874287248338,0.44220662712598,
698,0.44456093050946,0.94998682641492,0.44229725539161,
699,0.44479452414787,0.95124107079360,0.44239013964845,
700,0.44502143227654,0.95250662620438,0.44248334571616,
701,0.44524180984994,0.95377829995022,0.44257689610453,
702,0.44545101239021,0.95505995887216,0.44266695408929,
703,0.44564877091289,0.95635538207954,0.44275357659738,
704,0.44583282160538,0.95766605851805,0.44283493904511,
705,0.44600308027691,0.95899025907501,0.44291092497572,
706,0.44615832556981,0.96032842784641,0.44298049581928,
707,0.44629787411543,0.96168162425327,0.44304322951895,
708,0.44641867293051,0.96305006125442,0.44309603959204,
709,0.44652428571602,0.96443410692694,0.44314274704061,
710,0.44661621916951,0.96583369825491,0.44318499164674,
711,0.44669698572108,0.96724788062652,0.44322534632421,
712,0.44676960414165,0.96867397261319,0.44326659610587,
713,0.44683902431625,0.97010809559278,0.44331337839095,
714,0.44690706078208,0.97154661641903,0.44336701516425,
715,0.44697685924956,0.97299213050711,0.44343087841012,
716,0.44704825043950,0.97444186907750,0.44350422384249,
717,0.44712400159998,0.97589166576192,0.44358914479713,
718,0.44720724296054,0.97733908897628,0.44368828662544,
719,0.44729608428390,0.97878080521356,0.44379884709740,
720,0.44739604903461,0.98021771362320,0.44392638379770,
721,0.44750822942438,0.98164900790204,0.44407149542592,
722,0.44763343459300,0.98307340300736,0.44423444406030,
723,0.44777292914123,0.98449012672283,0.44441602201466,
724,0.44792869470810,0.98589619248711,0.44461746812397,
725,0.44810348356738,0.98728995894814,0.44484110613102,
726,0.44829725182301,0.98866672627021,0.44508587090043,
727,0.44850911276644,0.99002788740710,0.44535049979374,
728,0.44873647949423,0.99137544864405,0.44563226670530,
729,0.44897903797062,0.99270643444882,0.44593001425030,
730,0.44923176913737,0.99401937661017,0.44623790771409,
731,0.44949500027332,0.99531261015228,0.44655583724123,
732,0.44976985492014,0.99658870492552,0.44688506149078,
733,0.45005480894720,0.99784836610868,0.44722423607665,
734,0.45034879797965,0.99909648764969,0.44757255867677,
735,0.45065298673602,1.00033050631003,0.44793054928834,
736,0.45096694490471,1.00155114694334,0.44829780601687,
737,0.45129222857837,1.00275650220151,0.44867574112212,
738,0.45163016148245,1.00394479638819,0.44906554853009,
739,0.45198064337208,1.00511690574435,0.44946741843547,
740,0.45234217927022,1.00627466629692,0.44988012253285,
741,0.45271634381929,1.00741643974081,0.45030522886405,
742,0.45310056270348,1.00853979339699,0.45073985867064,
743,0.45350067711550,1.00964705480285,0.45119064106913,
744,0.45392013766107,1.01073822616413,0.45166145829870,
745,0.45435694842246,1.01181413945315,0.45215058833251,
746,0.45481073837115,1.01287637936906,0.45265819693262,
747,0.45528430759403,1.01392310337514,0.45318716843279,
748,0.45577874742684,1.01495485067977,0.45373904260393,
749,0.45629581578184,1.01597273478368,0.45431611838505,
750,0.45683644950297,1.01697379825589,0.45491924625449,
751,0.45739875435093,1.01795486438866,0.45554640046856,
752,0.45798039375062,1.01892358996654,0.45619642562791,
753,0.45857641913139,1.01987366156414,0.45686351029870,
754,0.45918734801468,1.02081224891521,0.45754942907899,
755,0.45981122022296,1.02173815675191,0.45825220974149,
756,0.46044523483696,1.02265300779806,0.45896941486127,
757,0.46108544206079,1.02355678922568,0.45969725004742,
758,0.46172724152261,1.02445439866113,0.46043163601060,
759,0.46236850907170,1.02534617530652,0.46117066508706,
760,0.46300840380788,1.02623487993458,0.46191394525153,
761,0.46364296482108,1.02712348829188,0.46265789373918,
762,0.46427117621367,1.02801021285745,0.46340139445308,
763,0.46488794590559,1.02889434245219,0.46413942553340,
764,0.46548848428805,1.02977592767170,0.46486713310634,
765,0.46607399560318,1.03065524624611,0.46558564319993,
766,0.46664330141666,1.03153824697754,0.46629456738717,
767,0.46719637699614,1.03242309315123,0.46699365080903,
768,0.46773272252492,1.03330989260541,0.46768244583832,
769,0.46825509943286,1.03419623740210,0.46836349460896,
770,0.46876455574165,1.03508080587639,0.46903785588643,
771,0.46926524413683,1.03596629015340,0.46970996970224,
772,0.46975854333398,1.03684773964261,0.47038049947972,
773,0.47024783061038,1.03772494162513,0.47105271684470,
774,0.47073978987902,1.03859729259315,0.47173328451598,
775,0.47123321752981,1.03945878748014,0.47241995710896,
776,0.47173012081760,1.04029914432749,0.47311325611498,
777,0.47223985513151,1.04112125319350,0.47382294508567,
778,0.47276212035792,1.04192838990338,0.47454882376131,
779,0.47329920704231,1.04271812822261,0.47529256811826,
780,0.47385426171370,1.04348528773148,0.47605636450238,
781,0.47442999006470,1.04422797294105,0.47684240606119,
782,0.47502785071552,1.04494443895853,0.47765161462314,
783,0.47564626116120,1.04563220300925,0.47848164610385,
784,0.47628512148435,1.04629428075708,0.47933237598407,
785,0.47694451917660,1.04692642664275,0.48020297393134,
786,0.47762519805395,1.04752914845785,0.48109376764907,
787,0.47831674929238,1.04809960789911,0.48199322455810,
788,0.47902139359638,1.04863542590515,0.48290310249542,
789,0.47973853527637,1.04913796977826,0.48382268685859,
790,0.48046448989249,1.04961251100837,0.48474861231675,
791,0.48119574842244,1.05006095361161,0.48567725078285,
792,0.48193066685519,1.05048744521688,0.48660731152125,
793,0.48266599517769,1.05088857397851,0.48753499905338,
794,0.48339901358435,1.05126509885136,0.48845744436105,
795,0.48412720810708,1.05161625899241,0.48937198512362,
796,0.48484836289257,1.05194549353681,0.49027681590866,
797,0.48556250155244,1.05225389330538,0.49117210019966,
798,0.48627276089951,1.05253659907408,0.49206053112455,
799,0.48697024349617,1.05279871855297,0.49293379936852,
800,0.48766341679808,1.05303765674843,0.49380041055631,
801,0.48835663606941,1.05324989911560,0.49466461158876,
802,0.48905100934451,1.05343986509490,0.49552828880897,
803,0.48974845326542,1.05361039866726,0.49639404870814,
804,0.49045000692433,1.05376154030302,0.49726323150726,
805,0.49115815325192,1.05389263026280,0.49813844125404,
806,0.49187565611038,1.05400055848171,0.49902234498782,
807,0.49260411908041,1.05408450569771,0.49991671725266,
808,0.49334427180964,1.05413998655904,0.50082206579817,
809,0.49409675950829,1.05416942509250,0.50173937990698,
810,0.49486212071285,1.05417271322174,0.50266937199263,
811,0.49563721697047,1.05414861686676,0.50360892167050,
812,0.49642619104780,1.05410152974240,0.50456300219472,
813,0.49723204040644,1.05402998936947,0.50553457801989,
814,0.49805077918392,1.05393548983669,0.50651969396730,
815,0.49887504699327,1.05382273145127,0.50751150058519,
816,0.49970069459894,1.05369177949453,0.50850575092959,
817,0.50052306491832,1.05354824915623,0.50949842996735,
818,0.50133862443630,1.05339360729624,0.51048605453378,
819,0.50214117655296,1.05322798656228,0.51146236803511,
820,0.50292494889120,1.05305272250361,0.51242177960327,
821,0.50368783778506,1.05286918726073,0.51336240077866,
822,0.50441925952904,1.05267608050490,0.51427313741377,
823,0.50512136236497,1.05247947992848,0.51515702023535,
824,0.50579418007457,1.05228552483797,0.51601498685765,
825,0.50643761543883,1.05208689998866,0.51684602257254,
826,0.50705339867514,1.05188496469151,0.51765193384679,
827,0.50764182791243,1.05168438875548,0.51843359148622,
828,0.50820141959094,1.05148166500947,0.51918902650921,
829,0.50873386898508,1.05127599225358,0.51991993529832,
830,0.50924115280893,1.05106626020851,0.52062818955760,
831,0.50972833769501,1.05085009341230,0.52131869668770,
832,0.51019889801004,1.05062911161823,0.52199528943791,
833,0.51066123918656,1.05039148276275,0.52266499786428,
834,0.51111430316093,1.05013324161806,0.52332631204539,
835,0.51156986409773,1.04985668642819,0.52399143466022,
836,0.51203218419190,1.04955934290219,0.52466431220824,
837,0.51250562909061,1.04923594742511,0.52534866398646,
838,0.51299781773907,1.04887640275890,0.52605083049042,
839,0.51350815384251,1.04848660554459,0.52677068255012,
840,0.51403646141926,1.04806459641843,0.52750762910378,
841,0.51458182431008,1.04760711923093,0.52826010833011,
842,0.51514444870802,1.04711777311437,0.52902863178938,
843,0.51571885144356,1.04659884895358,0.52980776739870,
844,0.51630279487731,1.04605111986064,0.53059518167999,
845,0.51689001463069,1.04547362934268,0.53138423590809,
846,0.51747640777071,1.04485938372353,0.53216983831049,
847,0.51805796487127,1.04421598961898,0.53294862197096,
848,0.51862868062504,1.04354659923039,0.53371476864621,
849,0.51918107212919,1.04285763765755,0.53446146655709,
850,0.51971293961188,1.04214178121822,0.53518558991709,
851,0.52022105992207,1.04140407584425,0.53588430414213,
852,0.52069557006721,1.04064815123259,0.53654806797718,
853,0.52113332644766,1.03987899051046,0.53717432671329,
854,0.52153068420611,1.03909902927212,0.53775978583374,
855,0.52188876347718,1.03831637083445,0.53830670331675,
856,0.52220530595949,1.03752956931719,0.53881279293935,
857,0.52247806312785,1.03672844928405,0.53927469582881,
