0,295626.20392974797869, 288685.22326000040630, 278833.57885115320096, 266468.16914685227675, 252060.33973825632711, 236121.14921689423500, 219167.42434029467404, 201691.93779222798184, 184139.98896322722430, 166893.47339837613981, 150262.42755250088521, 134483.19391399284359, 119721.83696815928852, 106081.24201424611965, 93610.38261533281184, 82314.46189352676447, 72164.93339077806741, 63108.72114283977135, 55076.24090525959036, 47988.05158531907364, 
100,272301.07687156932661, 277656.17175746749854, 288158.48046306031756, 294494.34050190029666, 295674.69526433688588, 301420.36869078699965, 312117.95138268562732, 318915.99510761123383, 305200.94412624544930, 256520.94232922769152, 178068.75308057726943, 108315.14849612938997, 64570.89768924482632, 41145.37271180933021, 30537.19485526121571, 27902.75503412264516, 28157.22029985117842, 28164.47437502538014, 26410.25413868516262, 27736.42235187510232, 
200,298676.32085456262575, 327984.80712032620795, 355268.40579514647834, 364423.22763555956772, 363911.07106217910768, 364524.09601079480490, 365072.21009718178539, 354046.94554432539735, 315025.39602469844976, 242498.14273110590875, 154934.62852980301250, 88038.51953184188460, 49747.66547523276677, 29960.41313419514699, 19721.45455407123154, 14438.24186191734225, 11268.15120189437584, 9721.45216651269402, 6085.65380935639132, 8581.08860378231111, 
300,309218.43879275192739, 316377.12599993654294, 314259.01348599768244, 317748.58687350037508, 322211.67419697006699, 329613.08405612851493, 333876.03812592272880, 325170.05970570794307, 292781.09639169875300, 232035.13088151434204, 154069.67970960016828, 90851.81100314999640, 52883.08257661836979, 32599.63186656685866, 21755.62345349698444, 15897.22178000383610, 12434.49319618676964, 10409.98913495895431, 9198.21430171266002, 9015.33491837215115, 
400,292909.65822996135103, 291567.48282555164769, 289671.41404846747173, 286504.16561724431813, 280446.72783854731824, 274819.07835065928521, 264165.35906992462697, 249236.20496614993317, 223039.22340318537317, 179976.32913537320565, 122867.92538742594479, 74466.81344576709671, 44383.18698703252448, 27889.80882878530610, 18902.97771038163410, 13902.51930207670921, 10916.27275822820775, 9276.38279124386099, 8127.82454627147672, 7958.65898778148767, 
500,290004.22219778568251, 287042.42504412389826, 283041.71581355563831, 276182.39283225475810, 266543.86985287151765, 257486.23342493016389, 247608.84096850478090, 233740.38474298061919, 207922.46209906725562, 164700.42209178116173, 109225.74850219623477, 64101.14174618414836, 37037.69484839250072, 22627.38028382364064, 14966.91455144088468, 10782.78444156275691, 8340.16532714321693, 7027.07851039157049, 6130.62634623285703, 6073.71746783208073, 
600,290394.77918668906204, 291874.58847176382551, 292669.55099737527780, 291357.16366155981086, 286992.93839556921739, 282038.30917694926029, 274699.92566505965078, 260642.57342665194301, 231236.31697877001716, 180589.96845413622214, 117519.44031646286021, 67634.70659386744956, 38359.74322325757385, 23036.10026152891805, 15013.24112599603541, 10673.22001174362958, 8179.32039399790301, 6824.70675223830222, 5929.89270672093426, 5829.83055965106905, 
700,294188.09841410734225, 299405.50180589710362, 303383.28326008422300, 305667.85476822685450, 304565.66171487909742, 302524.45421468059067, 297788.42535531317117, 285625.98529463529121, 256291.80429908283986, 202514.88140900255530, 133198.49171408356051, 77301.01364203575940, 44098.35567289813480, 26570.51385510426553, 17333.60250435865964, 12307.86576534858250, 9400.24344283618666, 7794.15903999326474, 6719.31357888344337, 6505.78999585008569, 
800,296250.61326896911487, 301068.73646578739863, 303944.79352063313127, 305747.21927371638594, 304431.62389817298390, 302427.57056368759368, 297593.61474054807331, 285588.71187015774194, 256850.89190796075854, 204071.96549355000025, 135263.82811507440056, 79191.18613404186908, 45587.55663361438201, 27715.06497756831959, 18232.69170548890907, 13049.00782735411485, 10033.84815103987421, 8371.97734812217277, 7251.18782168590496, 7049.92800743297357, 
900,295371.12939219968393, 297173.38029883621493, 297113.53465209377464, 296300.97767003852641, 292968.96873828041134, 289533.96251628943719, 283365.39320966915693, 270763.11945244175149, 242918.33050341726630, 193144.81614962048479, 128429.19459212600486, 75537.77953200360935, 43716.48660273473797, 26730.26385954234865, 17686.63355803625018, 12733.50687818479855, 9846.48674169202968, 8264.20975167100914, 7196.61667506304366, 7038.68015492079303, 
1000,294233.02284522505943, 294456.47154064016649, 293196.63534932828043, 291108.11428940296173, 286594.63954434671905, 281831.01940673653735, 274345.25124914437765, 260732.80670970329084, 232752.74056669769925, 184289.77279283312964, 122139.82184748795407, 71661.69805715740949, 41398.76194196709548, 25282.16513752494939, 16716.29350660690397, 12031.76294988591508, 9304.24626516561875, 7814.98730743435863, 6809.90535475294564, 6676.99622387833551, 
1100,294138.30940224445658, 295002.94899123371579, 294483.77286624471890, 293334.76134428702062, 289699.94332921114983, 285309.20547166274628, 277965.71486429573270, 264125.59619370021392, 235523.93016632064246, 185948.03884955900139, 122711.66919525782578, 71634.31069207027031, 41162.74810843955493, 25002.84673896355162, 16446.43113445399285, 11778.37216330307456, 9067.14300121230190, 7583.54661905063676, 6583.59938353507187, 6437.83059360024163, 
1200,295022.92650186095852, 297046.00132914958522, 297548.19111552339746, 297638.60035866178805, 295186.42797651159344, 291729.12851990631316, 285115.41131592117017, 271710.84226034174208, 242967.75805914416560, 192190.32322332120384, 126921.57316312652256, 74065.01175162760774, 42509.99576589663047, 25774.62265621456390, 16916.74934021893569, 12083.35300570665277, 9277.18177831843605, 7735.43887523440480, 6697.26811936743161, 6528.80513751350372, 
1300,295853.37036661693128, 298108.40196786727756, 298634.08664634055458, 298977.61707265180303, 296827.36724876152584, 293677.86048097565072, 287306.92864084080793, 274153.15850554237841, 245582.95744969489169, 194700.06689392073895, 128888.10593852761667, 75383.76212924526772, 43355.68681521061808, 26334.75995226938539, 17310.73722181303674, 12380.48874899079965, 9515.24736571652829, 7940.24592511693845, 6879.85995337452187, 6708.46821813882161, 
1400,295971.68515347293578, 297520.08412847411819, 297290.38431373471394, 297069.63855422107736, 294497.85612514597597, 291048.07561296608765, 284393.80192956660176, 271157.82333328528330, 242853.64819524346967, 192679.21162502976949, 127729.68077891391295, 74838.66328002024966, 43125.50304439668980, 26247.90981081169593, 17288.09104448872677, 12389.20924800833745, 9540.07988942089287, 7976.48493368565232, 6923.97380368464655, 6763.30372196064673, 
1500,295739.91419255250366, 296646.01099589420483, 295835.36168792855460, 295118.14018808701076, 292157.03705790766980, 288322.20620539184893, 281272.08233110076981, 267766.26661204057746, 239507.15044893557206, 189865.05003488171496, 125808.67227815279330, 73702.73018586219405, 42473.85119308283902, 25857.50846468672535, 17037.12782485999924, 12215.43808163166432, 9411.53689806668081, 7875.00243856488214, 6840.89707653147525, 6689.68341614672863, 
1600,295667.60092717362568, 296529.06350773852319, 295699.54760507144965, 295038.33281375223305, 292182.08124055003282, 288334.43349772400688, 281187.02336266712518, 267520.62670213502133, 239115.28585895514698, 189379.25134664861253, 125349.90443004804547, 73347.67493132996606, 42218.85044472314621, 25672.04703603021335, 16896.15928343677297, 12101.57206593602314, 9315.03870327848563, 7787.80647118971501, 6760.27192819126776, 6608.57479347896697, 
1700,295883.19243389531039, 297026.57564782345435, 296431.73757985187694, 296095.65556692512473, 293590.10778109234525, 289989.11358167440630, 282986.71430351951858, 269351.40144958603196, 240841.39279243265628, 190770.27744586122571, 126246.89678022125736, 73838.01485718307958, 42472.64977090741741, 25805.00720603479567, 16968.14824581357243, 12140.80716148596548, 9335.90065476226846, 7796.92324543440282, 6761.68472853288858, 6604.10806383504132, 
1800,296174.42931852611946, 297455.79463459813269, 296924.88270790938986, 296751.00614400237100, 294442.85989972343668, 291009.88757843076019, 284115.36341856274521, 270549.77238320192555, 242053.88475857977755, 191859.12688860206981, 127045.07968828128651, 74340.16053949772322, 42775.75499522795872, 25994.30119929700231, 17093.99958932438312, 12230.40273920758409, 9403.81977685285710, 7852.05566158661532, 6808.23380371769417, 6647.81507638059702, 
1900,296319.90422750805737, 297459.88477641314967, 296744.92277096770704, 296475.48066943767481, 294126.67413757171016, 290671.39505764842033, 283734.28905830887379, 270163.75518421782181, 241737.71492111464613, 191686.32400403247448, 127002.25952566140040, 74360.68510638014413, 42813.50576804533921, 26032.33125030108567, 17128.11720254086322, 12260.85905124821329, 9431.38459753105781, 7878.39038261310907, 6833.76356229754856, 6675.26239821915078, 
2000,296324.33653268200578, 297251.88515780895250, 296316.82839644909836, 295887.84146661247360, 293436.55765187472571, 289886.10709290602244, 282837.30441574874567, 269193.32717600156320, 240797.33112707236432, 190924.07786339984159, 126505.55914853910508, 74081.35675042920047, 42661.32768441190274, 25945.88229545509603, 17075.46688880035435, 12226.43297577533303, 9407.40628753551391, 7860.81382602166650, 6820.57785096548469, 6665.09888199329907, 
2100,296319.12611864949577, 297166.40107623429503, 296145.20630252419505, 295671.70401070214575, 293220.18143023987068, 289645.62596142292023, 282537.50269130110973, 268823.92304648592835, 240396.54554059528164, 190557.64141150651267, 126233.13228624567273, 73905.20195049111499, 42550.63769416092691, 25873.15117326431937, 17024.28233611302858, 12187.55243915416941, 9375.99410472130512, 7833.61601046372471, 6796.30810229560484, 6641.62919835658795, 
2200,296380.67537737597013, 297274.07823454478057, 296276.00369257282000, 295863.50278602517210, 293505.25887186930049, 289992.91888215043582, 282902.06733823940158, 269166.37002500705421, 240696.34247467792011, 190784.57419096134254, 126369.32998678000877, 73972.12275093613425, 42579.70793596732983, 25884.01445803772003, 17026.56459646919757, 12185.35702156702791, 9371.40078070058735, 7827.28358067114732, 6788.83802248292068, 6632.88797945013630, 
2300,296480.87402331118938, 297422.91079260606784, 296440.69779562857002, 296083.17360715550603, 293808.42040260811336, 290364.79136138688773, 283306.87604327267036, 269576.53042993356939, 241092.77471003620303, 191127.93647717568092, 126613.38736631948268, 74120.87854073429480, 42666.42889865047619, 25936.04059801575568, 17059.61461529466396, 12207.61201292280748, 9387.23644380509359, 7839.19059073070639, 6798.06934251677467, 6640.93622288497409, 
2400,296556.89655751560349, 297477.77608173596673, 296447.52078876493033, 296078.59252287802519, 293822.83562398608774, 290400.00962405611062, 283341.71127861348214, 269607.80664336349582, 241134.54984479653649, 191190.15950397416600, 126679.22128165402682, 74173.64926683773228, 42704.10897903355362, 25962.68320024364584, 17079.09298613791179, 12222.58582207124346, 9399.31058358785594, 7849.60299881634546, 6807.32291451618494, 6650.26913595911356, 
2500,296588.61533278122079, 297448.94270874385256, 296342.00880735955434, 295924.76929455704521, 293651.79121305025183, 290216.23434875370003, 283130.21934593963670, 269373.32195966463769, 240908.12927632717765, 191015.33360993998940, 126573.99067230368382, 74119.99153392066364, 42677.98216535046231, 25949.61341488665857, 17072.19402103610992, 12218.76020025040816, 9397.11509226324597, 7848.42514984828722, 6806.81483399727313, 6650.52970101833489, 
2600,296602.05895258858800, 297423.54232174716890, 296265.74224558880087, 295817.29823399079032, 293540.92781886784360, 290100.07222390949028, 282991.32921951304888, 269206.55849858897272, 240733.12471896878560, 190865.37528239731910, 126471.22378457796003, 74058.73786352452589, 42642.20520752005541, 25927.51743691723823, 17057.39535923064250, 12207.93733557276209, 9388.60217193197786, 7841.22393916839883, 6800.49218852242484, 6644.62551652196998, 
2700,296625.23173836991191, 297447.23497170413611, 296275.42665563919581, 295828.00051607569912, 293575.64493136323290, 290153.13952796091326, 283042.50815218227217, 269240.30111443117494, 240750.47698558148113, 190872.25060350066633, 126471.75598667070153, 74056.06456807150971, 42638.45438285750424, 25923.56441173473286, 17053.54154437582838, 12204.13605737938815, 9384.84834832961315, 7837.37896454005477, 6796.56502775315766, 6640.47836385346454, 
2800,296660.39613267441746, 297496.05772068910301, 296320.84201878937893, 295883.65424188936595, 293661.17729675513692, 290265.62953751021996, 283163.68107798130950, 269354.71099843090633, 240853.54788195545552, 190958.54557463037781, 126532.38337421022879, 74092.62036084056308, 42659.37148408674693, 25935.71288561744586, 17060.88977813585734, 12208.70631763751771, 9387.73962487685276, 7839.18568049572787, 6797.59819773831259, 6641.10854546873179, 
2900,296692.81524218642153, 297528.66910863062367, 296337.83059295965359, 295897.48310720489826, 293690.13689117290778, 290311.63200302043697, 283213.27866617176915, 269399.16022885520943, 240894.78744509158423, 190999.54400679399259, 126567.31554373537074, 74117.44700449268566, 42675.72318356332107, 25946.53488485288835, 17068.34106010617325, 12214.07701932083000, 9391.78040368543407, 7842.40639077525248, 6800.21650875603518, 6643.58820680873032, 
3000,296712.73056509421440, 297534.69334335869644, 296317.60616727883462, 295860.83564546710113, 293654.56438134773634, 290281.14792450953973, 283177.92861059197458, 269354.62314609839814, 240849.22435381435207, 190966.70757117046742, 126551.03621372689668, 74111.67317305045435, 42674.47012292578438, 25946.86473049376946, 17069.13143025500540, 12214.93367494309314, 9392.57286855249913, 7843.14846513653902, 6800.88203648762556, 6644.37740639998356, 
3100,296723.50228976766812, 297532.74614401912550, 296293.01534978015115, 295820.13613715715474, 293613.75588397966931, 290243.29099198005861, 283133.86511060898192, 269299.13255907554412, 240789.43074934804463, 190916.95822907923139, 126519.21267319378967, 74094.27624579005351, 42665.17832269805513, 25941.57174014577322, 17065.80518356319590, 12212.58990081021693, 9390.74467613189336, 7841.59365541400439, 6799.47600785037685, 6643.09145233979325, 
3200,296733.33008519344730, 297540.25892968708649, 296288.75353633449413, 295808.20648369163973, 293608.04454072023509, 290245.55427215131931, 283134.75512149446877, 269290.70644414436538, 240773.72387191280723, 190901.44589821432601, 126508.49029624892864, 74087.92501442581124, 42661.37876488534675, 25939.04811120737577, 17063.92069378197994, 12210.99708511696372, 9389.28668352243039, 7840.16242229452564, 6798.02646706173982, 6641.60037876139268, 
3300,296745.52093932207208, 297556.74881450831890, 296299.92678997671464, 295816.97591347823618, 293626.36056385975098, 290275.32753735495498, 283167.31758715421893, 269317.50101757614175, 240793.72275899490342, 190916.91328024127870, 126519.63017156251590, 74094.94416303854086, 42665.51022954827204, 25941.43774012055292, 17065.30036704789745, 12211.74247872584965, 9389.61627255186613, 7840.19429701097670, 6797.81631912751618, 6641.25202034593531, 
3400,296757.52178214822197, 297571.70769763150020, 296308.79430810065242, 295821.98653647169704, 293638.13590288546402, 290296.89821938122623, 283191.66686895280145, 269337.80485506617697, 240809.61485409553279, 190930.94386843041866, 126531.29104119143449, 74103.24973156162014, 42670.98833845952322, 25945.03177283913101, 17067.72551016358557, 12213.42052216561933, 9390.79669914462283, 7841.04482847687177, 6798.40111518871709, 6641.73617070135242, 
3500,296766.11549764417578, 297579.25058463786263, 296307.53290664753877, 295813.28546271321829, 293631.68009564717067, 290296.47057278949069, 283191.84099791204790, 269333.62743131554453, 240802.48729508099495, 190926.06112924753688, 126530.27066408738028, 74104.25200406945078, 42672.43824352351658, 25946.34382374601046, 17068.78760647417585, 12214.24578015873340, 9391.42226120668056, 7841.52836868864688, 6798.74835053646075, 6642.06281552620476, 
3600,296771.14495859137969, 297582.22663590853335, 296301.93718997703400, 295799.38557084102649, 293618.21800058241934, 290287.11792355240323, 283182.03250689670676, 269318.94628280028701, 240784.62098431907361, 190911.05362724963925, 126521.36720240465365, 74100.01309150553425, 42670.57164907608967, 25945.50040379285201, 17068.36807381849576, 12213.98613022341488, 9391.20754150656649, 7841.31621859438110, 6798.50152816608443, 6641.82155816361319, 
3700,296774.65544270607643, 297585.94943468103884, 296300.05802947253687, 295791.23265889182221, 293611.46199444954982, 290284.96022920572432, 283180.26485214236891, 269312.78788900893414, 240774.56374357524328, 190901.56518604335724, 126515.32334490056382, 74096.89776458131382, 42669.02643823109247, 25944.65948290263259, 17067.83264281183438, 12213.56567773855932, 9390.81698606502141, 7840.91477408286664, 6798.05863838812365, 6641.35312438390247, 
3800,296778.17004515696317, 297592.00302663841285, 296303.20168037619442, 295790.24365389539162, 293612.96722743223654, 290291.93730649998179, 283188.90142439195188, 269318.17797994730063, 240776.05701606877847, 190901.71780857702834, 126515.73120811478293, 74097.50935573357856, 42669.57135515585833, 25945.04614114404467, 17068.07380450592973, 12213.67720914894562, 9390.81785755683450, 7840.82125886202084, 6797.86791187866311, 6641.10383807905782, 
3900,296781.56582780118333, 297598.26646503404481, 296307.30497012607520, 295790.68766170542222, 293615.52242933254456, 290299.67652361816727, 283198.64756456040777, 269325.56013404915575, 240780.24700582952937, 190904.64837072297814, 126518.35525562200928, 74099.63192286605772, 42671.11047563768079, 25946.11551606817011, 17068.81595378666680, 12214.18613680902308, 9391.15354083493366, 7841.03025146551772, 6797.95862473270245, 6641.13624188602444, 
4000,296784.01915159099735, 297602.60914452804718, 296309.11043760488974, 295788.22723451536149, 293613.89425321284216, 290302.06239155749790, 283202.55063336383319, 269327.37615434662439, 240779.55742626459687, 190903.77452773586265, 126518.52674640782061, 74100.40060390213330, 42671.94388411140972, 25946.81765938363242, 17069.36558809063354, 12214.60024214794794, 9391.45192285648955, 7841.24109592125296, 6798.07956473836839, 6641.22040885379101, 
4100,296785.24576555815293, 297605.09183709695935, 296309.04748304560781, 295783.61984945920995, 293609.24780695413938, 290300.46299724257551, 283201.99883913615486, 269324.75718648452312, 240774.67546773244976, 190899.21792066111811, 126515.97286057101155, 74099.42779384226014, 42671.71369334011251, 25946.85309939946819, 17069.47411634357195, 12214.70576078000704, 9391.52356719491945, 7841.27584548851701, 6798.06122118897201, 6641.17991595129570, 
4200,296785.68480042438023, 297607.08635159733240, 296309.28038590843789, 295779.85099804023048, 293605.40145878237672, 290299.38094224123051, 283201.98232585407095, 269322.85419526114129, 240770.48154323193012, 190894.94899939189781, 126513.31002453739347, 74098.19427999778418, 42671.22427735664678, 25946.67193285322719, 17069.40791732463185, 12214.66853159343009, 9391.47630139651119, 7841.20589866464798, 6797.95008639776916, 6641.04451533173687, 
4300,296785.87303120811703, 297609.43893544632010, 296310.82312029070454, 295778.21265949704684, 293603.95203577732900, 290300.73725110886153, 283204.68335415975889, 269324.05798366101226, 240769.45396633035853, 190893.25541360629722, 126512.26874970446806, 74097.82489733019611, 42671.17691876938625, 25946.72629234288979, 17069.47693446274570, 12214.71608019879568, 9391.48740107080812, 7841.17913934573698, 6797.87358522090199, 6640.93575036865514, 
4400,296785.96178223111201, 297611.89524918579264, 296312.97328855242813, 295777.66082543152152, 293603.58444469771348, 290303.03657572163502, 283208.45764584292192, 269326.71683516079793, 240770.13997050392209, 190893.12684699048987, 126512.32818895424134, 74098.11797191904043, 42671.51851736356912, 25947.02290419772544, 17069.71046761267644, 12214.88688658633328, 9391.59885752604168, 7841.24097109390277, 6797.87920360064436, 6640.90756096726818, 
4500,296785.80071531230351, 297613.84892356587807, 296314.68938496336341, 295776.76414912519976, 293602.55968215037137, 290304.26987986319000, 283211.03986498876475, 269328.40418801823398, 240770.16566774621606, 190892.58024476337596, 126512.14548862184165, 74098.28808807011228, 42671.80473165830335, 25947.30007959115392, 17069.94359978973807, 12215.06944798454970, 9391.73035439247360, 7841.33000866498151, 6797.91852000873314, 6640.91888043438848, 
4600,296785.27700238494435, 297615.13249325804645, 296315.75200508435955, 295775.25331048225053, 293600.61642901937012, 290304.15020872373134, 283212.06947308086092, 269328.63823249819688, 240768.94819352513878, 190891.01359188259812, 126511.22466524229094, 74097.98877807380632, 42671.80524496846920, 25947.40011945047809, 17070.06198236470300, 12215.17494356950738, 9391.80891603200325, 7841.38202933692810, 6797.93339679642941, 6640.91209806341612, 
4700,296784.47020441055065, 297616.04616182396421, 296316.63905789406272, 295773.78905310761184, 293598.62979538057698, 290303.72470064659137, 283212.69561316806357, 269328.56540977855911, 240767.52832727335044, 190889.23182156283292, 126510.06564035934571, 74097.48311551930965, 42671.65021564819472, 25947.38703814092514, 17070.09699743586316, 12215.21737660324470, 9391.83880498886901, 7841.39476446521712, 6797.91707562585179, 6640.87633586529591, 
4800,296783.54441061255056, 297616.90472716302611, 296317.75933661579620, 295772.90070771845058, 293597.27533058793051, 290303.81179484631866, 283213.83701711235335, 269329.15188065549592, 240766.85594991836115, 190888.06167667231057, 126509.26055936880584, 74097.13743939145934, 42671.55787463159504, 25947.39548136950907, 17070.13708187355951, 12215.25880571383459, 9391.86621012823343, 7841.40481912121595, 6797.89945542431269, 6640.83863987017139, 
4900,296782.59243136935402, 297617.74953327735420, 296319.06742034340277, 295772.48820086155320, 293596.43206653330708, 290304.29632953455439, 283215.37486946239369, 269330.28835165133933, 240766.86244284929126, 190887.50656339988927, 126508.86385305378644, 74097.01662762071646, 42671.58423006402882, 25947.47017627967216, 17070.21797278488157, 12215.32883177637450, 9391.91648203621298, 7841.43527148202520, 6797.90190049381818, 6640.82103792863927, 
5000,296781.60748936387245, 297618.44591737864539, 296320.28884732228471, 295772.15529280196643, 293595.62025898171123, 290304.63774919183925, 283216.70510747714434, 269331.33014836540679, 240766.92537949283724, 190887.06470050252392, 126508.55281726868998, 74096.94305130916473, 42671.63530675786751, 25947.55970204222831, 17070.30974946579227, 12215.40896657893973, 9391.97754851800892, 7841.47801386436186, 6797.91892474269116, 6640.82005417812161, 
5100,296780.55979851860320, 297618.91331078909570, 296321.28386003599735, 295771.70533215627074, 293594.61902816407382, 290304.59429865441052, 283217.54963501420571, 269331.95326842815848, 240766.69873422858655, 190886.42264576625894, 126508.09878123083035, 74096.77284279825108, 42671.62349786869891, 25947.60834351577068, 17070.37441012188356, 12215.47119488246426, 9392.02733657341560, 7841.51435920573203, 6797.93411279559223, 6640.81999269105836, 
5200,296779.46005832264200, 297619.20538210106315, 296322.13097746687708, 295771.23965101817157, 293593.57593136094511, 290304.35456158895977, 283218.11349093884928, 269332.34544343379093, 240766.33334391395329, 190885.68128208976123, 126507.55379950732458, 74096.52634556358680, 42671.55397162775625, 25947.61483807590412, 17070.40807933606266, 12215.51037504238229, 9392.06006275223990, 7841.53788564897059, 6797.94054805665382, 6640.81307880771237, 
5300,296778.35258799139410, 297619.42138595989672, 296322.96031353180297, 295770.92122451082105, 293592.70509700127877, 290304.18543343595229, 283218.69618593499763, 269332.81088835891569, 240766.11466536694206, 190885.07838653674116, 126507.08211477129953, 74096.30188971474126, 42671.48341267307842, 25947.61291590648398, 17070.43202895019567, 12215.54069411199089, 9392.08565378102503, 7841.55584669309155, 6797.94356321297073, 6640.80360952959290, 
5400,296777.27400742314057, 297619.60563675977755, 296323.80380641808733, 295770.77435456775129, 293592.04127553809667, 290304.14315610332415, 283219.36538829386700, 269333.41969277808676, 240766.11443489929661, 190884.68792034417856, 126506.74813689712028, 74096.14655547452276, 42671.44391571193410, 25947.62469731210876, 17070.46218615083853, 12215.57426047230001, 9392.11374805284868, 7841.57641264011181, 6797.95022201151733, 6640.79844617248909, 
5500,296776.23308300395729, 297619.74030162283452, 296324.60455127316527, 295770.70517797023058, 293591.47224817186361, 290304.10992002789862, 283219.99284004193032, 269334.03294585243566, 240766.19748427058221, 190884.40498798887711, 126506.48978242317389, 74096.03011965734186, 42671.42198258418648, 25947.64437572814131, 17070.49622027720034, 12215.61039184945366, 9392.14445489640639, 7841.60018411633882, 6797.96137601545070, 6640.79884457053413, 
5600,296775.22370267240331, 297619.80113188241376, 296325.31138165039010, 295770.63301188254263, 293590.90467351296684, 290303.98792574059917, 283220.47013018670259, 269334.52635603566887, 240766.23301819356857, 190884.11575767918839, 126506.22871608263813, 74095.90640314730990, 42671.39126462442800, 25947.65619640435762, 17070.52396378809135, 12215.64194229245732, 9392.17234011099026, 7841.62269874255981, 6797.97316209352448, 6640.80121590810995, 
5700,296774.24505212518852, 297619.79533713357523, 296325.92983827163698, 295770.55667119799182, 293590.34417961421423, 290303.79397519450868, 283220.81660096661653, 269334.90913807175821, 240766.21697904326720, 190883.80814125502366, 126505.95226540972362, 74095.76555315773294, 42671.34469853371411, 25947.65495086673764, 17070.54134690502178, 12215.66546936931263, 9392.19431176364924, 7841.64098001569346, 6797.98262227969644, 6640.80244072228197, 
5800,296773.30633788346313, 297619.75128757022321, 296326.49629710515728, 295770.51587960048346, 293589.84466063143918, 290303.60075209051138, 283221.11559884139569, 269335.26204309921013, 240766.21947839777567, 190883.53691050491761, 126505.69688578904606, 74095.62887387842056, 42671.29428898978949, 25947.64756507515995, 17070.55254829676414, 12215.68356013558878, 9392.21197016376573, 7841.65596460782763, 6797.99017404832830, 6640.80259488905904, 
5900,296772.41792155220173, 297619.68997400562512, 296327.03204874834046, 295770.52856072061695, 293589.43025892041624, 290303.44546060811263, 283221.41211043210933, 269335.62941142549971, 240766.28038170587388, 190883.33688650288968, 126505.48951278667664, 74095.51463652156235, 42671.25187090439431, 25947.64186458597396, 17070.56299576789752, 12215.70017487371479, 9392.22832103853580, 7841.67005563955900, 6797.99774109579266, 6640.80341598774430, 
6000,296771.58347146795131, 297619.61419532145374, 296327.53111880994402, 295770.57613235450117, 293589.07882551476359, 290303.31014810624765, 283221.68943601526553, 269335.99134183122078, 240766.37796566635370, 190883.19166298760683, 126505.32228018966271, 74095.42069608066231, 42671.21773207288788, 25947.63891027175850, 17070.57389938532287, 12215.71647565387320, 9392.24440759214667, 7841.68421017606852, 6798.00616004349558, 6640.80575906272406, 
6100,296770.80077673558844, 297619.51920614222763, 296327.98024244257249, 295770.63191884668777, 293588.75845584808849, 290303.16438200027915, 283221.91618679679232, 269336.31122255639639, 240766.47221074168920, 190883.06649994876352, 126505.17228459299076, 74095.33444412122481, 42671.18526253409800, 25947.63510374312318, 17070.58314808074647, 12215.73110109202935, 9392.25924923583625, 7841.69764914109055, 6798.01473672000429, 6640.80898267579505, 
6200,296770.06711379386252, 297619.40565430803690, 296328.37802695838036, 295770.68682896014070, 293588.45922095712740, 290303.00260098010767, 283222.08836076391162, 269336.58072451682528, 240766.54931313454290, 190882.94660170524730, 126505.02847074090096, 74095.24912966058764, 42671.15052356874367, 25947.62801862311971, 17070.58910542193553, 12215.74281573321241, 9392.27180941462393, 7841.70941553342982, 6798.02252128829241, 6640.81209290111292, 
6300,296769.38215635035885, 297619.28110501792980, 296328.73450036771828, 295770.74774176999927, 293588.19042769214138, 290302.84115561866201, 283222.22661376500037, 269336.81842736515682, 240766.62251316569746, 190882.84042952972231, 126504.89596977442852, 74095.16772249537462, 42671.11522323101963, 25947.61864797697126, 17070.59235412791168, 12215.75193541696899, 9392.28221085534642, 7841.71947913758140, 6798.02933378926082, 6640.81479161412426, 
6400,296768.74667920917273, 297619.15335435117595, 296329.05940348783042, 295770.82118149270536, 293587.96008785796585, 290302.69436551257968, 283222.34962129133055, 269337.04219000728335, 240766.70604015118442, 190882.75886877212906, 126504.78269310045289, 74095.09552277567855, 42671.08281313043699, 25947.60928678079654, 17070.59448605225407, 12215.75960609595313, 9392.29129247498349, 7841.72846975240464, 6798.03561744922354, 6640.81742139964081, 
6500,296768.16018279554555, 297619.02560717531014, 296329.35542091622483, 295770.90443231433164, 293587.76424477767432, 290302.56199254258536, 283222.45978442096384, 269337.25339742511278, 240766.79896121815545, 190882.70074647871661, 126504.68871624085295, 74095.03344253398245, 42671.05438798625983, 25947.60093215633606, 17070.59634298419405, 12215.76652536909205, 9392.29962101549972, 7841.73685907989420, 6798.04173867883674, 6640.82030677057173, 
6600,296767.62035526585532, 297618.89764878904680, 296329.62107574450783, 295770.98987229797058, 293587.59279106132453, 290302.43603453499964, 283222.55055800854461, 269337.44395253766561, 240766.89096862295992, 190882.65652572331601, 126504.60789391949947, 74094.97838613296335, 42671.02855996596918, 25947.59299201274916, 17070.59768665608499, 12215.77260772640693, 9392.30716317470433, 7841.74462885366029, 6798.04765360095917, 6640.82339072412469, 
6700,296767.12426066864282, 297618.76948818471283, 296329.85647804324981, 295771.07280336320400, 293587.43929576734081, 290302.31229091930436, 283222.61938090104377, 269337.60982684307965, 240766.97541795182042, 190882.61910949414596, 126504.53514008311322, 74094.92748154311266, 42671.00383020254958, 25947.58466278135165, 17070.59805137223157, 12215.77754666019428, 9392.31367795513142, 7841.75155851500585, 6798.05312364923702, 6640.82640768580495, 
6800,296766.66945229162229, 297618.64290641038679, 296330.06503529765178, 295771.15351344313240, 293587.30341679119738, 290302.19328237790614, 283222.67109035467729, 269337.75500537909102, 240767.05365664651617, 190882.58808660172508, 126504.46982087825018, 74094.88039198341721, 42670.98008947990456, 25947.57593243637893, 17070.59745407692753, 12215.78135220441618, 9392.31914732547921, 7841.75759470473076, 6798.05804206917401, 6640.82920211551937, 
6900,296766.25400075101061, 297618.52027182141319, 296330.25104928173823, 295771.23380849463865, 293587.18648500170093, 290302.08314692944987, 283222.71230048884172, 269337.88577730645193, 240767.12982443463989, 190882.56582012152649, 126504.41344752264558, 74094.83818492188584, 42670.95811027842865, 25947.56736516797173, 17070.59631489310777, 12215.78433986555683, 9392.32380119206027, 7841.76290112047081, 6798.06250020835250, 6640.83181525984946, 
7000,296765.87590512930183, 297618.40295854350552, 296330.41725538054015, 295771.31366991210962, 293587.08741113287397, 290301.98287186009111, 283222.74603003053926, 269338.00496335257776, 240767.20513450098224, 190882.55255492180004, 126504.36626837385120, 74094.80128079187125, 42670.93835330956063, 25947.55937886841639, 17070.59498935063311, 12215.78680548068951, 9392.32787658493180, 7841.76766831912755, 6798.06663208472764, 6640.83434647416743, 
7100,296765.53277058451204, 297618.29114801710239, 296330.56477816723054, 295771.39128290279768, 293587.00284986104816, 290301.89049859798979, 283222.77185541606741, 269338.11185349727748, 240767.27751806424931, 190882.54579463202390, 126504.32659419658012, 74094.76889880446834, 42670.92055833560153, 25947.55194354710329, 17070.59353770187226, 12215.78883838045658, 9392.33145910836174, 7841.77197004891423, 6798.07048115056114, 6640.83681763948243, 
7200,296765.22200416313717, 297618.18468979815952, 296330.69457044539740, 295771.46501328557497, 293586.92972170846770, 290301.80410309560830, 283222.78922313579824, 269338.20560411259066, 240767.34479362596176, 190882.54282142870943, 126504.29241577269568, 74094.73994667117950, 42670.90421222207078, 25947.54483337119382, 17070.59186714564930, 12215.79040423167498, 9392.33453185351391, 7841.77579039080138, 6798.07401242740343, 6640.83917371614825, 
7300,296764.94115498842439, 297618.08376884512836, 296330.80830430425704, 295771.53454858687473, 293586.86661360505968, 290301.72347598307533, 283222.79936392564559, 269338.28730986948358, 240767.40675794653362, 190882.54255880616256, 126504.26276794519799, 74094.71388369202032, 42670.88907517513144, 25947.53795945618913, 17070.58995610369675, 12215.79150700226091, 9392.33709960213309, 7841.77912556421506, 6798.07719859807548, 6640.84136309559290, 
7400,296764.68802610278362, 297617.98882217012579, 296330.90805224445648, 295771.60038214176893, 293586.81310476269573, 290301.64936947741080, 283222.80448744498426, 269338.35922393080546, 240767.46453583621769, 190882.54517182201380, 126504.23757762653986, 74094.69070815162559, 42670.87521931718948, 25947.53142121910423, 17070.58790551188940, 12215.79223772384285, 9392.33923463506653, 7841.78202883185077, 6798.08006395790289, 6640.84338481032046, 
7500,296764.46055818069726, 297617.90011721645715, 296330.99557069194270, 295771.66280498181004, 293586.76851766277105, 290301.58205847296631, 283222.80617851403076, 269338.42305964214029, 240767.51893204558291, 190882.55070465893368, 126504.21675491443602, 74094.67043576225115, 42670.86274018939002, 25947.52534083944192, 17070.58583749695754, 12215.79270827263827, 9392.34103075255734, 7841.78457691290077, 6798.08265917839435, 6640.84526847697998, 
7600,296764.25670785742113, 297617.81757099227980, 296331.07206617278280, 295771.72159171284875, 293586.73155999224400, 290301.52093712444184, 283222.80493214522721, 269338.47944001056021, 240767.56981891588657, 190882.55848952752422, 126504.19973342611047, 74094.65279421943706, 42670.85156228965207, 25947.51973507380899, 17070.58380544023021, 12215.79298357490370, 9392.34254895462982, 7841.78682327281058, 6798.08501977391006, 6640.84703374449327, 
7700,296764.07445471175015, 297617.74091169825988, 296331.13848772039637, 295771.77639729942894, 293586.70084288803628, 290301.46514213673072, 283222.80084441963118, 269338.52858183864737, 240767.61674007889815, 190882.56759180591325, 126504.18573048707913, 74094.63734994645347, 42670.84149534076278, 25947.51453832672632, 17070.58180155793889, 12215.79308122810289, 9392.34381273230611, 7841.78879028568190, 6798.08715603920155, 6640.84867756422136, 
7800,296763.91188520647120, 297617.66989953734446, 296331.19584752770606, 295771.82716868096031, 293586.67539436341031, 290301.41417324339272, 283222.79431650863262, 269338.57103658356937, 240767.65962759350077, 190882.57741790977889, 126504.17417141114129, 74094.62376493465854, 42670.83238454884849, 25947.50969390165847, 17070.57981598266997, 12215.79301236734136, 9392.34483801321585, 7841.79049250302887, 6798.08907158295460, 6640.85019037757775, 
7900,296763.76724341529189, 297617.60437675093999, 296331.24524548882619, 295771.87414394365624, 293586.65464884560788, 290301.36789964279160, 283222.78607735276455, 269338.60773060069187, 240767.69886461360147, 190882.58780496215331, 126504.16478394821752, 74094.61187419337512, 42670.82416773838486, 25947.50519590102340, 17070.57786853923244, 12215.79280704564007, 9392.34565431111878, 7841.79195542546950, 6798.09078029690863, 6640.85157311360399, 
8000,296763.63891377532855, 297617.54417805641424, 296331.28769962093793, 295771.91759724903386, 293586.63812637864612, 290301.32619920908473, 283222.77678922744235, 269338.63955211738357, 240767.73488970310427, 190882.59870420259540, 126504.15739780889999, 74094.60157824089401, 42670.81682060937601, 25947.50106084350773, 17070.57599340624074, 12215.79250572690216, 9392.34629995528667, 7841.79321307041482, 6798.09230540048611, 6640.85283750205872, 
8100,296763.52538104471751, 297617.48905728204409, 296331.32403642014833, 295771.95767835451989, 293586.62523834570311, 290301.28874226892367, 283222.76680789125385, 269338.66708378354087, 240767.76791718674940, 190882.60993037626031, 126504.15176416348550, 74094.59273155032133, 42670.81029027082695, 25947.49728642946502, 17070.57421171582246, 12215.79213963977236, 9392.34680700333956, 7841.79429551675094, 6798.09366870917256, 6640.85399594914179, 
8200,296763.42521554935956, 297617.43870517564937, 296331.35493253049208, 295771.99446137232007, 293586.61535424133763, 290301.25507970532635, 283222.75628256407799, 269338.69069219240919, 240767.79800069425255, 190882.62119327438995, 126504.14756294159451, 74094.58513863215921, 42670.80448822848120, 25947.49384432785519, 17070.57252488422455, 12215.79172457504137, 9392.34719537776618, 7841.79522306486706, 6798.09488473671809, 6640.85505512300460, 
8300,296763.33708596433280, 297617.39281079464126, 296331.38101120409556, 295772.02806363481795, 293586.60795008647256, 290301.22482662834227, 283222.74536653212272, 269338.71074453654001, 240767.82523399847560, 190882.63225974066881, 126504.14451101521263, 74094.57861699360365, 42670.79932586369250, 25947.49070089335510, 17070.57092746266426, 12215.79126931429892, 9392.34747864086239, 7841.79601032057690, 6798.09596353177767, 6640.85601800273980, 
8400,296763.25977258721832, 297617.35109350609127, 296331.40288129623514, 295772.05868297372945, 293586.60265090450412, 290301.19772156141698, 283222.73429089720594, 269338.72768885974074, 240767.84983049318544, 190882.64302658135421, 126504.14241932643927, 74094.57303610989766, 42670.79473990450060, 25947.48783427845410, 17070.56941927194202, 12215.79078477493022, 9392.34767122871563, 7841.79667228124890, 6798.09691588389251, 6640.85688881241185, 
8500,296763.19216380943544, 297617.31329039530829, 296331.42110897699604, 295772.08654524030862, 293586.59916168870404, 290301.17355369828874, 283222.72328973666299, 269338.74197682453087, 240767.87204885319807, 190882.65346306815627, 126504.14115965044766, 74094.56830224087753, 42670.79068654551520, 25947.48523269125144, 17070.56800543139252, 12215.79028483493130, 9392.34778960876429, 7841.79722570884132, 6798.09775476284722, 6640.85767466690868, 
8600,296763.13324171118438, 297617.27913354145130, 296331.43618306232383, 295772.11184733529808, 293586.59719513350865, 290301.15208481601439, 283222.71251701115398, 269338.75397319410695, 240767.89209929588833, 190882.66352892093710, 126504.14060788416828, 74094.56432512681931, 42670.78712269857351, 25947.48288343922468, 17070.56668950528910, 12215.78978170636765, 9392.34784890673836, 7841.79768648055688, 6798.09849310159734, 6640.85838355005399, 
8700,296763.08207076950930, 297617.24834698630730, 296331.44851628213655, 295772.13475160155213, 293586.59646426612744, 290301.13304617744870, 283222.70204633293906, 269338.76395093323663, 240767.91013019872480, 190882.67315572182997, 126504.14062729751458, 74094.56100609819987, 42670.78399815277226, 25947.48076762510391, 17070.56546968680050, 12215.78928296390768, 9392.34786041748157, 7841.79806732845100, 6798.09914163896610, 6640.85902206702849, 
8800,296763.03779467451386, 297617.22066084976541, 296331.45847155369120, 295772.15541418531211, 293586.59671633760445, 290301.11618323693983, 283222.69192468578694, 269338.77214532485232, 240767.92627475634799, 190882.68228136535618, 126504.14108992299589, 74094.55824984353967, 42670.78126190000330, 25947.47886366144667, 17070.56434085249566, 12215.78879277359920, 9392.34783232121845, 7841.79837819815293, 6798.09970897979929, 6640.85959525947874, 
8900,296762.99963602417847, 297617.19582343543880, 296331.46638154843822, 295772.17400364065543, 293586.59775321651250, 290301.10128413990606, 283222.68220862810267, 269338.77879230101826, 240767.94068608130328, 190882.69087892863899, 126504.14189721265575, 74094.55597764701815, 42670.77887042657676, 25947.47715266658270, 17070.56329828867092, 12215.78831462593007, 9392.34777177514661, 7841.79862793632310, 6798.10020295275444, 6640.86010780005472, 
9000,296762.96689288411289, 297617.17360143340193, 296331.47254904714646, 295772.19069385481998, 293586.59941953379894, 290301.08816986641614, 283222.67295742325950, 269338.78412201214815, 240767.95352990753599, 190882.69895100090071, 126504.14297776603780, 74094.55412748083472, 42670.77678873917466, 25947.47561970316383, 17070.56233889100986, 12215.78785244182473, 9392.34768590592830, 7841.79882520724641, 6798.10063142791205, 6640.86056479593572, 
9100,296762.93893179111183, 297617.15377378929406, 296331.47723947669147, 295772.20564774627564, 293586.60157992731547, 290301.07667092094198, 283222.66421036503743, 269338.78833479736932, 240767.96495898757712, 190882.70650695738732, 126504.14427193143638, 74094.55264539169730, 42670.77498585189460, 25947.47425137886239, 17070.56145982676753, 12215.78740978595852, 9392.34758130698174, 7841.79897814936248, 6798.10100204080936, 6640.86097154490017, 
9200,296762.91518059372902, 297617.13612852222286, 296331.48067990882555, 295772.21901098825037, 293586.60410927445628, 290301.06661867204821, 283222.65597990201786, 269338.79159307322698, 240767.97510194056667, 190882.71355087493430, 126504.14572237980610, 74094.55147955779103, 42670.77343128081702, 25947.47303371829184, 17070.56065715513250, 12215.78698889252337, 9392.34746328180881, 7841.79909372617658, 6798.10132158392662, 6640.86133290250018, 
9300,296762.89512344897958, 297617.12046479736455, 296331.48306629509898, 295772.23091747181024, 293586.60689752263715, 290301.05785340192961, 283222.64826328813797, 269338.79403305868618, 240767.98407179297647, 190882.72008622280555, 126504.14727620982740, 74094.55058116745204, 42670.77209542998025, 25947.47195234397077, 17070.55992591059476, 12215.78659068699744, 9392.34733581042747, 7841.79917763888807, 6798.10159584984194, 6640.86165304618044, 
9400,296762.87829738768050, 297617.10659616091289, 296331.48457152274204, 295772.24149603216210, 293586.60985582222929, 290301.05023359274492, 283222.64105562499026, 269338.79577872791560, 240767.99197783335694, 190882.72612449090229, 126504.14889056328684, 74094.54990784976690, 42670.77095171223482, 25947.47099386045738, 17070.55926106733023, 12215.78621549746276, 9392.34720208856015, 7841.79923474732277, 6798.10182994290517, 6640.86193571210424, 
9500,296762.86428873636760, 297617.09435115603264, 296331.48534879274666, 295772.25087109347805, 293586.61291500658263, 290301.04363595775794, 283222.63435244717402, 269338.79694513796130, 240767.99892782181269, 190882.73168640158838, 126504.15053360740421, 74094.54942462110193, 42670.76997739631770, 25947.47014657417458, 17070.55865814494609, 12215.78586357153654, 9392.34706496666331, 7841.79926945603074, 6798.10202860145182, 6640.86218448268937, 
9600,296762.85272874159273, 297617.08357152738608, 296331.48553147184430, 295772.25915906898445, 293586.61601897969376, 290301.03794919321081, 283222.62814496975625, 269338.79763389105210, 240768.00502252121805, 190882.73679649786209, 126504.15218077205645, 74094.54910186695633, 42670.76915265979915, 25947.46940008577803, 17070.55811305849056, 12215.78553505295531, 9392.34692697999526, 7841.79928576881775, 6798.10219624671572, 6640.86240282597009, 
9700,296762.84328903286951, 297617.07411042775493, 296331.48523338022642, 295772.26646592782345, 293586.61911981203593, 290301.03306945459917, 283222.62241696397541, 269338.79793008102570, 240768.01035142914043, 190882.74147834803443, 126504.15381101981620, 74094.54891307531216, 42670.76845933720324, 25947.46874459756145, 17070.55762171914830, 12215.78522973720101, 9392.34679018129100, 7841.79928715927963, 6798.10233685952426, 6640.86259395785601, 
9800,296762.83567770663649, 297617.06583196087740, 296331.48455121857114, 295772.27288807719015, 293586.62217710335972, 290301.02890061453218, 283222.61714678007411, 269338.79790464747930, 240768.01499383556074, 190882.74575418341556, 126504.15540605496790, 74094.54883422514831, 42670.76788055526413, 25947.46817071075930, 17070.55717992187419, 12215.78494700552255, 9392.34665609160584, 7841.79927652346487, 6798.10245391589524, 6640.86276074818034, 
9900,296762.82963611290324, 297617.05861147271935, 296331.48356782953488, 295772.27851460821694, 293586.62515907461056, 290301.02535637532128, 283222.61231132905232, 269338.79761896526907, 240768.01902238055482, 190882.74964694926166, 126504.15695136645809, 74094.54884435283020, 42670.76740109334060, 25947.46766968521843, 17070.55678354701013, 12215.78468598931613, 9392.34652583168463, 7841.79925628372985, 6798.10255045732629, 6640.86290575886778, 
10000,296762.82493593828985, 297617.05233542784117, 296331.48235447437037, 295772.28342841641279, 293586.62804230913753, 290301.02236065745819, 283222.60788802703610, 269338.79712743137497, 240768.02250496856868, 190882.75318126814091, 126504.15843670393224, 74094.54892587935319, 42670.76700765697024, 25947.46723367697996, 17070.55642876884303, 12215.78444575501453, 9392.34640028226750, 7841.79922853073367, 6798.10262920559762, 6640.86303133628826, 
10100,296762.82137628429336, 297617.04690058255801, 296331.48097187525127, 295772.28770589374471, 293586.63080982444808, 290301.01984588766936, 283222.60385422734544, 269338.79647738795029, 240768.02550419885665, 190882.75638238980900, 126504.15985519324022, 74094.54906412248965, 42670.76668867676926, 25947.46685568863904, 17070.55611207682159, 12215.78422535985010, 9392.34628015062299, 7841.79919509266438, 6798.10269262186375, 6640.86313965785484, 
10200,296762.81878079171292, 297617.04221294797026, 296331.47947092005052, 295772.29141644056654, 293586.63344906945713, 290301.01775107323192, 283222.60018625581870, 269338.79570855974453, 240768.02807631366886, 190882.75927468232112, 126504.16120204905747, 74094.54924650408793, 42670.76643388593220, 25947.46652935687962, 17070.55583017388199, 12215.78402380908119, 9392.34616595529224, 7841.79915753315254, 6798.10274290316283, 6640.86323271864512, 
10300,296762.81699502002448, 297617.03818705241429, 296331.47789376811124, 295772.29462274466641, 293586.63595100276871, 290301.01602104195626, 283222.59685960575007, 269338.79485366359586, 240768.03027130797273, 190882.76188108717906, 126504.16247390440549, 74094.54946207848843, 42670.76623405386636, 25947.46624881366733, 17070.55557990874149, 12215.78384002662460, 9392.34605801407997, 7841.79911714691661, 6798.10278197412390, 6640.86331231028726, 
10400,296762.81588416435989, 297617.03474550473038, 296331.47627525159623, 295772.29738163115690, 293586.63830996770412, 290301.01460653229151, 283222.59384998399764, 269338.79393992974656, 240768.03213402954862, 190882.76422349907807, 126504.16366881506110, 74094.54970147377753, 42670.76608095695701, 25947.46600868965106, 17070.55535829715882, 12215.78367288717527, 9392.34595647804417, 7841.79907499113324, 6798.10281150888022, 6640.86338002917364, 
10500,296762.81533102295361, 297617.03181857080199, 296331.47464409476379, 295772.29974479944212, 293586.64052350528073, 290301.01346413855208, 283222.59113410452846, 269338.79299038328463, 240768.03370516074938, 190882.76632316663745, 126504.16478634045052, 74094.54995690722717, 42670.76596740599052, 25947.46580415639983, 17070.55516257463751, 12215.78352127267863, 9392.34586138560007, 7841.79903193738573, 6798.10283297430306, 6640.86343730824774, 
10600,296762.81523410562659, 297617.02934359648498, 296331.47302373481216, 295772.30175914330175, 293586.64259173371829, 290301.01255569909699, 283222.58868976670783, 269338.79202436067862, 240768.03502153087175, 190882.76820059516467, 126504.16582731597009, 74094.55022202621331, 42670.76588717536652, 25947.46563091317512, 17070.55499021109063, 12215.78338410330252, 9392.34577269961119, 7841.79898871027490, 6798.10284766411496, 6640.86348544333487, 
10700,296762.81550585833611, 297617.02726434892975, 296331.47143290861277, 295772.30346688808640, 293586.64451659377664, 290301.01184746838408, 283222.58649559883634, 269338.79105764161795, 240768.03611607532366, 190882.76987517467933, 126504.16679343073338, 74094.55049162116484, 42670.76583484771982, 25947.46548511279980, 17070.55483888313393, 12215.78326033519807, 9392.34569031721912, 7841.79894590396543, 6798.10285671484417, 6640.86352560308751, 
10800,296762.81607103976421, 297617.02553042606451, 296331.46988624101505, 295772.30490584671497, 293586.64630133635364, 290301.01130953134270, 283222.58453099319013, 269338.79010274383472, 240768.03701797060785, 190882.77136496765888, 126504.16768690712343, 74094.55076138657751, 42670.76580567497149, 25947.46536329015362, 17070.55470644157322, 12215.78314895098447, 9392.34561407187175, 7841.79890398970838, 6798.10286111294863, 6640.86355883042143, 
10900,296762.81686528073624, 297617.02409677766263, 296331.46839489386184, 295772.30610984680243, 293586.64795029151719, 290301.01091552135767, 283222.58277630445082, 269338.78916947450489, 240768.03775305664749, 190882.77268677740358, 126504.16851038517780, 74094.55102780261950, 42670.76579550633323, 25947.46526232866017, 17070.55459090069417, 12215.78304896334885, 9392.34554374346953, 7841.79886332961996, 6798.10286170735890, 6640.86358604928409, 
11000,296762.81783380452543, 297617.02292328537442, 296331.46696716785664, 295772.30710916995304, 293586.64946872752625, 290301.01064240693813, 283222.58121307386318, 269338.78826550574740, 240768.03834432177246, 190882.77385631387006, 126504.16926689873799, 74094.55128807929577, 42670.76580075416859, 25947.46517944864900, 17070.55449044252964, 12215.78295942857585, 9392.34547907660453, 7841.79882419676960, 6798.10285922788444, 6640.86360807791243, 
11100,296762.81893027370097, 297617.02197433565743, 296331.46560897352174, 295772.30793088115752, 293586.65086262975819, 290301.01047017722158, 283222.57982407865347, 269338.78739673877135, 240768.03881221561460, 190882.77488825665205, 126504.16995980037609, 74094.55154007906094, 42670.76581834888202, 25947.46511218990054, 17070.55440341555004, 12215.78287945683951, 9392.34541979568348, 7841.79878679348985, 6798.10285430334443, 6640.86362564309275, 
11200,296762.82011574209901, 297617.02121838415042, 296331.46432419563644, 295772.30859906924888, 293586.65213843312813, 290301.01038144895574, 283222.57859324530000, 269338.78656750638038, 240768.03917482020915, 190882.77579622282065, 126504.17059263141709, 74094.55178220372181, 42670.76584567140526, 25947.46505837836958, 17070.55432832324004, 12215.78280821295084, 9392.34536561314962, 7841.79875126330717, 6798.10284747354035, 6640.86363938937029, 
11300,296762.82135770481545, 297617.02062754629878, 296331.46311500435695, 295772.30913507443620, 293586.65330280206399, 290301.01036111742724, 283222.57750556420069, 269338.78578075283440, 240768.03944801114267, 190882.77659274064354, 126504.17116899813118, 74094.55201328598196, 42670.76588048507256, 25947.46501609004190, 17070.55426380706194, 12215.78274491264710, 9392.34531623214752, 7841.79871769820602, 6798.10283919835456, 6640.86364988561945, 
11400,296762.82262925617397, 297617.02017723984318, 296331.46198216086486, 295772.30955775006441, 293586.65436249790946, 290301.01039610384032, 283222.57654707122128, 269338.78503825940425, 240768.03964567350340, 190882.77728928794386, 126504.17169250090956, 74094.55223251106509, 42670.76592088351026, 25947.46498362231068, 17070.55420863407926, 12215.78268882026896, 9392.34527135067401, 7841.79868614587303, 6798.10282986553102, 6640.86365763054164, 
11500,296762.82390834810212, 297617.01984586595790, 296331.46092529973248, 295772.30988373165019, 293586.65532430901658, 290301.01047517085681, 283222.57570486870827, 269338.78434089262737, 240768.03977995421155, 190882.77789638374816, 126504.17216671064671, 74094.55243937010528, 42670.76596525670902, 25947.46495947606672, 17070.55416169008458, 12215.78263924955172, 9392.34523066653674, 7841.79865661768508, 6798.10281979981937, 6640.86366306001037, 
11600,296762.82517712889239, 297617.01961451373063, 296331.45994316454744, 295772.31012766814092, 293586.65619497263106, 290301.01058872288559, 283222.57496710267151, 269338.78368879901245, 240768.03986147147953, 190882.77842366578989, 126504.17259514832404, 74094.55263361935795, 42670.76601226072671, 25947.46494233887643, 17070.55412197290934, 12215.78259556476223, 9392.34519388283661, 7841.79862909712938, 6798.10280927223630, 6640.86366655463189, 
11700,296762.82642135693459, 297617.01946667733137, 296331.45903379149968, 295772.31030241621193, 293586.65698109427467, 290301.01072860619752, 283222.57432290574070, 269338.78308153082617, 240768.03989946655929, 190882.77887992860633, 126504.17298124390072, 74094.55281522870064, 42670.76606078322948, 25947.46493106689377, 17070.55408858516967, 12215.78255717994580, 9392.34516071158941, 7841.79860354596258, 6798.10279850755069, 6640.86366844631084, 
11800,296762.82762987748720, 297617.01938799524214, 296331.45819466747344, 295772.31041921331780, 293586.65768906997982, 290301.01088791014627, 283222.57376232073875, 269338.78251814848045, 240768.03990193529171, 190882.77927316367277, 126504.17332830192754, 74094.55298433743883, 42670.76610990958579, 25947.46492466411291, 17070.55406072319965, 12215.78252355563563, 9392.34513087490450, 7841.79857990839901, 6798.10278769011074, 6640.86366902321060, 
11900,296762.82879416475771, 297617.01936600991758, 296331.45742286113091, 295772.31048784317682, 293586.65832504333230, 290301.01106081012404, 283222.57327624649042, 269338.78199732059147, 240768.03987575988867, 190882.77961060320376, 126504.17363947680860, 74094.55314121302217, 42670.76615889322420, 25947.46492226485134, 17070.55403766818563, 12215.78249419592430, 9392.34510410607072, 7841.79855811494781, 6798.10277696905359, 6640.86366853422805, 
12000,296762.82990791706834, 297617.01938996417448, 296331.45671514887363, 295772.31051680009114, 293586.65889488160610, 290301.01124243909726, 283222.57285639469046, 269338.78151742514456, 240768.03982684435323, 190882.77989878153312, 126504.17391776476870, 74094.55328622586967, 42670.76620713339071, 25947.46492311963084, 17070.55401877922850, 12215.78246864621178, 9392.34508015019310, 7841.79853808549888, 6798.10276646278089, 6640.86366719296620, 
12100,296762.83096670801751, 297617.01945060695289, 296331.45606811600737, 295772.31051343464060, 293586.65940415934892, 290301.01142876950325, 283222.57249524869258, 269338.78107663791161, 240768.03976024029544, 190882.78014359608642, 126504.17416600248544, 74094.55341982655227, 42670.76625415618037, 25947.46492658375064, 17070.55400348697731, 12215.78244649186126, 9392.34505876652656, 7841.79851973300174, 6798.10275626383191, 6640.86366518230807, 
12200,296762.83196767687332, 297617.01954001979902, 296331.45547823840752, 295772.31048408523202, 293586.65985814644955, 290301.01161650137510, 283222.57218600803753, 269338.78067299356917, 240768.03968024687492, 190882.78035035508219, 126504.17438686161768, 74094.55354252626421, 42670.76629959617276, 25947.46493210429253, 17070.55399128669160, 12215.78242735543790, 9392.34503972791754, 7841.79850296593304, 6798.10274644296260, 6640.86366265840024, 
12300,296762.83290926140035, 297617.01965145627037, 296331.45494194404455, 295772.31043418723857, 293586.66026179504115, 290301.01180296123493, 283222.57192253158428, 269338.78030443383614, 240768.03959049822879, 190882.78052382153692, 126504.17458284515305, 74094.55365487668314, 42670.76634318045399, 25947.46493921115689, 17070.55398173325375, 12215.78241089470976, 9392.34502282194444, 7841.79848769049659, 6798.10273705239706, 6640.86365975341869, 
12400,296762.83379096270073, 297617.01977920322679, 296331.45445567095885, 295772.31036838068394, 293586.66061973496107, 290301.01198600779753, 283222.57169928384246, 269338.77996884909226, 240768.03949404330342, 190882.78066825607675, 126504.17475628684042, 74094.55375745426863, 42670.76638471238402, 25947.46494750453348, 17070.55397443380934, 12215.78239679982471, 9392.34500785003911, 7841.79847381212312, 6798.10272812877793, 6640.86365657892202, 
12500,296762.83461314620217, 297617.01991844747681, 296331.45401590684196, 295772.31029060389847, 293586.66093627916416, 290301.01216396084055, 283222.57151129160775, 269338.77966411568923, 240768.03939342129161, 190882.78078745925450, 126504.17490935252863, 74094.55385084731097, 42670.76642405928578, 25947.46495664694885, 17070.55396904292502, 12215.78238479054198, 9392.34499462728672, 7841.79846123652078, 6798.10271969546920, 6640.86365322802612, 
12600,296762.83537686918862, 297617.02006516803522, 296331.45361923077144, 295772.31020418385742, 293586.66121543210465, 290301.01233553013299, 283222.57135409658076, 269338.77938812883804, 240768.03929073075415, 190882.78088481491432, 126504.17504404792271, 74094.55393564734550, 42670.76646114244795, 25947.46496635598669, 17070.55396525795004, 12215.78237461462049, 9392.34498298259132, 7841.79844987101205, 6798.10271176494007, 6640.86364977790981, 
12700,296762.83608373068273, 297617.02021602966124, 296331.45326233375818, 295772.31011190899881, 293586.66146089712856, 290301.01249976269901, 283222.57122371759033, 269338.77913882798748, 240768.03918769038864, 190882.78096333073336, 126504.17516222462291, 74094.55401244106179, 42670.76649592734611, 25947.46497639698646, 17070.55396281475623, 12215.78236604539961, 9392.34497275775175, 7841.79843962559335, 6798.10270434084941, 6640.86364629207674, 
12800,296762.83673574833665, 297617.02036829473218, 296331.45294204389211, 295772.31001610233216, 293586.66167609044351, 290301.01265598373720, 283222.57111660490045, 269338.77891421207460, 240768.03908568870975, 190882.78102566840244, 126504.17526558508689, 74094.55408180387167, 42670.76652841618488, 25947.46498657662960, 17070.55396148335785, 12215.78235887986193, 9392.34496380733617, 7841.79843041341064, 6798.10269741973480, 6640.86364282209979, 
12900,296762.83733524766285, 297617.02051973971538, 296331.45265533588827, 295772.30991867836565, 293586.66186414950062, 290301.01280375331407, 283222.57102960190969, 269338.77871235215571, 240768.03898583087721, 190882.78107418087893, 126504.17535569045867, 74094.55414429398661, 42670.76655863970518, 25947.46499673770813, 17070.55396106454646, 12215.78235293665784, 9392.34495599796719, 7841.79842215138342, 6798.10269099236302, 6640.86363940943102, 
13000,296762.83788477507187, 297617.02066858456237, 296331.45239934459096, 295772.30982119962573, 293586.66202794737183, 290301.01294282230083, 283222.57095990591915, 269338.77853140229126, 240768.03888897661818, 190882.78111093619373, 126504.17543396685505, 74094.55420044958009, 42670.76658665254945, 25947.46500675382413, 17070.55396138595097, 12215.78234805381908, 9392.34494920746147, 7841.79841476038382, 6798.10268504492251, 6640.86363608658576, 
13100,296762.83838702109642, 297617.02081342856400, 296331.45217136759311, 295772.30972492456203, 293586.66217010928085, 290301.01307310390985, 283222.57090504042571, 269338.77836960874265, 240768.03879578216583, 190882.78113775333622, 126504.17550171435869, 74094.55425078405824, 42670.76661252558551, 25947.46501652469669, 17070.55396229932376, 12215.78234408750541, 9392.34494332445320, 7841.79840816540309, 6798.10267956010466, 6640.86363287860149, 
13200,296762.83884475758532, 297617.02095319650834, 296331.45196887187194, 295772.30963085213443, 293586.66229302622378, 290301.01319464010885, 283222.57086282095406, 269338.77822531556012, 240768.03870672840276, 190882.78115622323821, 126504.17556011483248, 74094.55429578591429, 42670.76663634401484, 25947.46502597292420, 17070.55396367769208, 12215.78234091005652, 9392.34493824762285, 7841.79840229591446, 6798.10267451805521, 6640.86362980419835, 
13300,296762.83926078729564, 297617.02108708536252, 296331.45178948948160, 295772.30953975894954, 293586.66239887161646, 290301.01330757775577, 283222.57083132752450, 269338.77809696365148, 240768.03862215057597, 190882.78116773514193, 126504.17561024086899, 74094.55433591722976, 42670.76665820299240, 25947.46503504028806, 17070.55396541288064, 12215.78233840850953, 9392.34493388493865, 7841.79839708588679, 6798.10266989726370, 6640.86362687678047, 
13400,296762.83963790180860, 297617.02121452637948, 296331.45163101935759, 295772.30945223174058, 293586.66248961369274, 290301.01341214420972, 283222.57080887386110, 269338.77798309293576, 240768.03854225989198, 190882.78117349554668, 126504.17565306082543, 74094.55437161233567, 42670.76667820418515, 25947.46504368509704, 17070.55396741330696, 12215.78233648346577, 9392.34493015339103, 7841.79839247374457, 6798.10266567484814, 6640.86362410523179, 
13500,296762.83997884660494, 297617.02133514086017, 296331.45149141852744, 295772.30936869623838, 293586.66256702877581, 290301.01350862882100, 283222.57079398893984, 269338.77788234344916, 240768.03846716790576, 190882.78117455131724, 126504.17568944912637, 74094.55440327772521, 42670.76669645285438, 25947.46505187861476, 17070.55396960162034, 12215.78233504725904, 9392.34492697784844, 7841.79838840203956, 6798.10266182728992, 6640.86362149465549, 
13600,296762.84028629696695, 297617.02144871419296, 296331.45136880199425, 295772.30928944639163, 293586.66263272106880, 290301.01359736977611, 283222.57078538858332, 269338.77779344975716, 240768.03839690089808, 190882.78117180333356, 126504.17572019090585, 74094.55443129183550, 42670.76671305636410, 25947.46505960379000, 17070.55397191316297, 12215.78233402314072, 9392.34492429079364, 7841.79838481784827, 6798.10265833097674, 6640.86361904720434, 
13700,296762.84056283603422, 297617.02155516255880, 296331.45126143400557, 295772.30921466258587, 293586.66268813138595, 290301.01367873838171, 283222.57078196003567, 269338.77771524363197, 240768.03833142062649, 190882.78116602831869, 126504.17574599203363, 74094.55445600704115, 42670.76672812256584, 25947.46506685289205, 17070.55397429451477, 12215.78233334400647, 9392.34492203140690, 7841.79838167200887, 6798.10265516219260, 6640.86361676243087, 
13800,296762.84081093955319, 297617.02165450924076, 296331.45116772036999, 295772.30914443224901, 293586.66273455135524, 290301.01375312777236, 283222.57078274060041, 269338.77764664526330, 240768.03827063337667, 190882.78115788978175, 126504.17576748451393, 74094.55447774902859, 42670.76674175771041, 25947.46507362569537, 17070.55397670132879, 12215.78233295135396, 9392.34492014547141, 7841.79837891958687, 6798.10265229790639, 6640.86361463798221, 
13900,296762.84103296580724, 297617.02174686477520, 296331.45108620374231, 295772.30907876946731, 293586.66277313703904, 290301.01382094400469, 283222.57078690134222, 269338.77758666349109, 240768.03821440352476, 190882.78114795094007, 126504.17578523137490, 74094.55449681845494, 42670.76675406580034, 25947.46507992843544, 17070.55397909806561, 12215.78233279448432, 9392.34491858438196, 7841.79837651914659, 6798.10264971541346, 6640.86361266976292, 
14000,296762.84123114828253, 297617.02183240692830, 296331.45101555367000, 295772.30901762563735, 293586.66280491929501, 290301.01388259715168, 283222.57079372933367, 269338.77753438759828, 240768.03816256471328, 190882.78113669066806, 126504.17579973454122, 74094.55451349090436, 42670.76676514756400, 25947.46508577173154, 17070.55398145597064, 12215.78233282955262, 9392.34491730499576, 7841.79837443304859, 6798.10264739296508, 6640.86361085263070, 
14100,296762.84140758984722, 297617.02191136684269, 296331.45095455861883, 295772.30896090366878, 293586.66283081570873, 290301.01393849868327, 283222.57080261938972, 269338.77748898830032, 240768.03811492575915, 190882.78112451001653, 126504.17581143975258, 74094.55452801953652, 42670.76677509963338, 25947.46509116996822, 17070.55398375219738, 12215.78233301857654, 9392.34491626867748, 7841.79837262668389, 6798.10264530969562, 6640.86360918046375, 
14200,296762.84156426420668, 297617.02198401471833, 296331.45090212119976, 295772.30890847009141, 293586.66285164025612, 290301.01398905186215, 283222.57081305532483, 269338.77744970773347, 240768.03807127909386, 190882.78111174382502, 126504.17582074181701, 74094.55454063584330, 42670.76678401473328, 25947.46509614106617, 17070.55398596960367, 12215.78233332935270, 9392.34491544151388, 7841.79837106876766, 6798.10264344563348, 6640.86360764637539, 
14300,296762.84170301211998, 297617.02205064834561, 296331.45085724652745, 295772.30886016128352, 293586.66286811395548, 290301.01403465052135, 283222.57082460314268, 269338.77741585881449, 240768.03803140702075, 190882.78109867050080, 126504.17582798979129, 74094.55455155058007, 42670.76679198034981, 25947.46510070418663, 17070.55398809490362, 12215.78233373407966, 9392.34491479338067, 7841.79836973089641, 6798.10264178210218, 6640.86360624320969, 
14400,296762.84182554722065, 297617.02211158646969, 296331.45081903686514, 295772.30881579249399, 293586.66288087231806, 290301.01407567498973, 283222.57083689759020, 269338.77738681592746, 240768.03799508474185, 190882.78108551641344, 126504.17583349025517, 74094.55456095513364, 42670.76679907950165, 25947.46510488046260, 17070.55399011894042, 12215.78233420931247, 9392.34491429768968, 7841.79836858737508, 6798.10264030129292, 6640.86360496340967, 
14500,296762.84193345607491, 297617.02216715610120, 296331.45078668423230, 295772.30877516488545, 293586.66289047541795, 290301.01411249040393, 283222.57084963720990, 269338.77736201649532, 240768.03796208664426, 190882.78107246613945, 126504.17583751310303, 74094.55456902291917, 42670.76680538977234, 25947.46510869160920, 17070.55399203543493, 12215.78233473518594, 9392.34491393106873, 7841.79836761500155, 6798.10263898659196, 6640.86360379934013, 
14600,296762.84202820458449, 297617.02221769129392, 296331.45075946277939, 295772.30873807152966, 293586.66289741470246, 290301.01414544478757, 283222.57086257071933, 269338.77734095137566, 240768.03793218781357, 190882.78105966639123, 126504.17584029480349, 74094.55457591102459, 42670.76681098402332, 25947.46511216018553, 17070.55399384088378, 12215.78233529523459, 9392.34491367318878, 7841.79836679292293, 6798.10263782256061, 6640.86360274342132, 
14700,296762.84211114101345, 297617.02226352487924, 296331.45073672203580, 295772.30870429798961, 293586.66290212009335, 290301.01417486765422, 283222.57087549619609, 269338.77732316491893, 240768.03790516895242, 190882.78104723265278, 126504.17584204068407, 74094.55458176080720, 42670.76681592998648, 25947.46511530813950, 17070.55399553371899, 12215.78233587555405, 9392.34491350608914, 7841.79836610235634, 6798.10263679470972, 6640.86360178808809, 
14800,296762.84218350262381, 297617.02230498503195, 296331.45071788114728, 295772.30867363180732, 293586.66290496592410, 290301.01420107012382, 283222.57088824815582, 269338.77730824408354, 240768.03788081402308, 190882.78103525261395, 126504.17584293057735, 74094.55458669929067, 42670.76682029038056, 25947.46511815770646, 17070.55399711416248, 12215.78233646477202, 9392.34491341430476, 7841.79836552660345, 6798.10263588976341, 6640.86360092603900, 
14900,296762.84224642126355, 297617.02234239224344, 296331.45070242189104, 295772.30864585936069, 293586.66290627722628, 290301.01422434288543, 283222.57090069795959, 269338.77729582437314, 240768.03785891731968, 190882.78102379161282, 126504.17584311975224, 74094.55459084120230, 42670.76682412361697, 25947.46512073043777, 17070.55399858393503, 12215.78233705362982, 9392.34491338436601, 7841.79836505067760, 6798.10263509529614, 6640.86360015005448, 
15000,296762.84230092953658, 297617.02237605664413, 296331.45068988448475, 295772.30862077424536, 293586.66290633683093, 290301.01424495840911, 283222.57091274473350, 269338.77728557609953, 240768.03783927945187, 190882.78101289499318, 126504.17584274185356, 74094.55459428809991, 42670.76682748307212, 25947.46512304728822, 17070.55399994565232, 12215.78233763456592, 9392.34491340449131, 7841.79836466123015, 6798.10263440006383, 6640.86359945346612, 
15100,296762.84234796673991, 297617.02240627538413, 296331.45067986013601, 295772.30859817471355, 293586.66290538781323, 290301.01426317059668, 283222.57092431280762, 269338.77727720962139, 240768.03782171377679, 190882.78100259279017, 126504.17584191198694, 74094.55459713103482, 42670.76683041798969, 25947.46512512847403, 17070.55400120295963, 12215.78233820181049, 9392.34491346472714, 7841.79836434638491, 6798.10263379357184, 6640.86359882961733, 
15200,296762.84238838474266, 297617.02243333228398, 296331.45067198807374, 295772.30857786547858, 293586.66290363774169, 290301.01427921303548, 283222.57093534700107, 269338.77727046445943, 240768.03780604124768, 190882.78099290150567, 126504.17584072984755, 74094.55459945171606, 42670.76683297337877, 25947.46512699310551, 17070.55400236010610, 12215.78233875065052, 9392.34491355658429, 7841.79836409568816, 6798.10263326639142, 6640.86359827238630, 
15300,296762.84242295467993, 297617.02245749632129, 296331.45066595030949, 295772.30855966085801, 293586.66290126577951, 290301.01429330371320, 283222.57094581017736, 269338.77726511174114, 240768.03779209384811, 190882.78098382597091, 126504.17583927793021, 74094.55460132179724, 42670.76683519055223, 25947.46512865956902, 17070.55400342170833, 12215.78233927772635, 9392.34491367264491, 7841.79836389983666, 6798.10263280973413, 6640.86359777588405, 
15400,296762.84245237259893, 297617.02247902180534, 296331.45066146698082, 295772.30854338483186, 293586.66289842291735, 290301.01430564105976, 283222.57095567887882, 269338.77726094867103, 240768.03777971424279, 190882.78097536228597, 126504.17583762774302, 74094.55460280478292, 42670.76683710668294, 25947.46513014499942, 17070.55400439277582, 12215.78233978049320, 9392.34491380672989, 7841.79836375072045, 6798.10263241583471, 6640.86359733473910, 
15500,296762.84247726423200, 297617.02249814546667, 296331.45065829250962, 295772.30852886976209, 293586.66289523721207, 290301.01431640889496, 283222.57096494303551, 269338.77725779754110, 240768.03776875635958, 190882.78096750061377, 126504.17583583939995, 74094.55460395748378, 42670.76683875612071, 25947.46513146561483, 17070.55400527856182, 12215.78234025724851, 9392.34491395360783, 7841.79836364106268, 6798.10263207740081, 6640.86359694377006, 
15600,296762.84249819186516, 297617.02251509134658, 296331.45065621362301, 295772.30851595936110, 293586.66289181669708, 290301.01432577567175, 283222.57097360194894, 269338.77725550142350, 240768.03775908317766, 190882.78096022320096, 126504.17583396192640, 74094.55460482901253, 42670.76684016943182, 25947.46513263664019, 17070.55400608420678, 12215.78234070687722, 9392.34491410888222, 7841.79836356460419, 6798.10263178807691, 6640.86359659824939, 
15700,296762.84251565992599, 297617.02253006567480, 296331.45065504335798, 295772.30850450636353, 293586.66288825043011, 290301.01433389261365, 283222.57098166231299, 269338.77725392347202, 240768.03775056893937, 190882.78095351060620, 126504.17583203787217, 74094.55460546350514, 42670.76684137473785, 25947.46513367228908, 17070.55400681520405, 12215.78234112909740, 9392.34491426906425, 7841.79836351595441, 6798.10263154192762, 6640.86359629366962, 
15800,296762.84253011713736, 297617.02254326024558, 296331.45065461925697, 295772.30849437351571, 293586.66288461256772, 290301.01434090052499, 283222.57098913687514, 269338.77725294354605, 240768.03774309661821, 190882.78094733820762, 126504.17583009981900, 74094.55460589838913, 42670.76684239687893, 25947.46513458552727, 17070.55400747654130, 12215.78234152361802, 9392.34491443096340, 7841.79836349025209, 6798.10263133377430, 6640.86359602608263, 
15900,296762.84254196519032, 297617.02255485299975, 296331.45065480144694, 295772.30848543322645, 293586.66288096347125, 290301.01434692443581, 283222.57099604432005, 269338.77725245791953, 240768.03773655890836, 190882.78094167998643, 126504.17582817566290, 74094.55460616733762, 42670.76684325852693, 25947.46513538848376, 17070.55400807338447, 12215.78234189085742, 9392.34491459227138, 7841.79836348333720, 6798.10263115882844, 6640.86359579163673, 
16000,296762.84255156043218, 297617.02256500744261, 296331.45065547066042, 295772.30847756890580, 293586.66287735261722, 290301.01435207965551, 283222.57100240635918, 269338.77725237660343, 240768.03773085828288, 190882.78093650843948, 126504.17582628771197, 74094.55460629910522, 42670.76684397982172, 25947.46513609239628, 17070.55400861058297, 12215.78234223147410, 9392.34491475097457, 7841.79836349161724, 6798.10263101285545, 6640.86359558686854, 
16100,296762.84255921811564, 297617.02257387310965, 296331.45065652218182, 295772.30847067118157, 293586.66287381859729, 290301.01435646892060, 283222.57100824848749, 269338.77725262270542, 240768.03772590463632, 190882.78093179495772, 126504.17582445255539, 74094.55460631880851, 42670.76684457894589, 25947.46513670751665, 17070.55400909294985, 12215.78234254625931, 9392.34491490565233, 7841.79836351212725, 6798.10263089214459, 6640.86359540870035, 
16200,296762.84256521781208, 297617.02258158737095, 296331.45065786910709, 295772.30846463982016, 293586.66287039103918, 290301.01436018460663, 283222.57101359625813, 269338.77725312841358, 240768.03772161543020, 190882.78092751099030, 126504.17582268381375, 74094.55460624763509, 42670.76684507189930, 25947.46513724328179, 17070.55400952496711, 12215.78234283619167, 9392.34491505502956, 7841.79836354216786, 6798.10263079330161, 6640.86359525417902, 
16300,296762.84256980527425, 297617.02258827601327, 296331.45065943576628, 295772.30845938395942, 293586.66286709386623, 290301.01436331082368, 283222.57101847761078, 269338.77725383650977, 240768.03771791691543, 190882.78092362781172, 126504.17582099136780, 74094.55460610474984, 42670.76684547306650, 25947.46513770813908, 17070.55400991072747, 12215.78234310237167, 9392.34491519824223, 7841.79836357951081, 6798.10263071329246, 6640.86359512067429, 
16400,296762.84257319656899, 297617.02259405294899, 296331.45066116028465, 295772.30845481978031, 293586.66286394395865, 290301.01436592295067, 283222.57102292130003, 269338.77725469967118, 240768.03771474087262, 190882.78092011658009, 126504.17581938138756, 74094.55460590538860, 42670.76684579518769, 25947.46513811017576, 17070.55401025459651, 12215.78234334613080, 9392.34491533468827, 7841.79836362222704, 6798.10263064950868, 6640.86359500583330, 
16500,296762.84257558139507, 297617.02259902167134, 296331.45066298946040, 295772.30845087155467, 293586.66286095284158, 290301.01436808635481, 283222.57102695503272, 269338.77725567558082, 240768.03771202685311, 190882.78091695019975, 126504.17581785906805, 74094.55460566360853, 42670.76684604971524, 25947.46513845636582, 17070.55401056011397, 12215.78234356856046, 9392.34491546386562, 7841.79836366875224, 6798.10263059963017, 6640.86359490747145, 
16600,296762.84257712494582, 297617.02260327478871, 296331.45066487905569, 295772.30844746856019, 293586.66285812738352, 290301.01436986128101, 283222.57103060727241, 269338.77725673047826, 240768.03770971918129, 190882.78091410198249, 126504.17581642634468, 74094.55460539041087, 42670.76684624628979, 25947.46513875295204, 17070.55401083088145, 12215.78234377102126, 9392.34491558553418, 7841.79836371772763, 6798.10263056153963, 6640.86359482362332, 
16700,296762.84257797099417, 297617.02260689914692, 296331.45066679391311, 295772.30844455002807, 293586.66285547218286, 290301.01437130034901, 283222.57103390520206, 269338.77725783473579, 240768.03770776838064, 190882.78091154672438, 126504.17581508452713, 74094.55460509528348, 42670.76684639363521, 25947.46513900606806, 17070.55401107026410, 12215.78234395479740, 9392.34491569968668, 7841.79836376806270, 6798.10263053346262, 6640.86359475256359, 
16800,296762.84257824474480, 297617.02260996884434, 296331.45066870364826, 295772.30844205780886, 293586.66285298787989, 290301.01437245099805, 283222.57103687600465, 269338.77725896547781, 240768.03770613056258, 190882.78090926012374, 126504.17581383303332, 74094.55460478698660, 42670.76684649973322, 25947.46513922079612, 17070.55401128118683, 12215.78234412125676, 9392.34491580624672, 7841.79836381886344, 6798.10263051380025, 6640.86359469273702, 
16900,296762.84257805394009, 297617.02261255384656, 296331.45067058602581, 295772.30843994120369, 293586.66285067284480, 290301.01437335461378, 283222.57103954517515, 269338.77726010256447, 240768.03770476477803, 190882.78090721863555, 126504.17581266997149, 74094.55460447126825, 42670.76684657102305, 25947.46513940200020, 17070.55401146663644, 12215.78234427159259, 9392.34491590540893, 7841.79836386938223, 6798.10263050118920, 6640.86359464271936, 
17000,296762.84257749159588, 297617.02261471468955, 296331.45067242125515, 295772.30843815405387, 293586.66284852399258, 290301.01437404676108, 283222.57104193686973, 269338.77726123033790, 240768.03770363682997, 190882.78090540139237, 126504.17581159343536, 74094.55460415390553, 42670.76684661350737, 25947.46513955370756, 17070.55401162904673, 12215.78234440699453, 9392.34491599726971, 7841.79836391898971, 6798.10263049436435, 6640.86359460119093, 
17100,296762.84257663687458, 297617.02261650626315, 296331.45067419484258, 295772.30843665509019, 293586.66284653660841, 290301.01437456137501, 283222.57104407512816, 269338.77726233587600, 240768.03770271319081, 190882.78090378720663, 126504.17581059999065, 74094.55460383927857, 42670.76684663202468, 25947.46513967977444, 17070.55401177088788, 12215.78234452860852, 9392.34491608208737, 7841.79836396729661, 6798.10263049235982, 6640.86359456710488, 
17200,296762.84257555863587, 297617.02261797827668, 296331.45067589730024, 295772.30843540793285, 293586.66284470446408, 290301.01437492459081, 283222.57104598090518, 269338.77726340951631, 240768.03770196702681, 190882.78090235791751, 126504.17580968659604, 74094.55460353101080, 42670.76684663144988, 25947.46513978370422, 17070.55401189440818, 12215.78234463762237, 9392.34491616014020, 7841.79836401388548, 6798.10263049421883, 6640.86359453935165, 
17300,296762.84257431351580, 297617.02261917316355, 296331.45067751919851, 295772.30843437911244, 293586.66284302080749, 290301.01437516260194, 283222.57104767614510, 269338.77726444375003, 240768.03770137325046, 190882.78090109562618, 126504.17580884906056, 74094.55460323160514, 42670.76684661508625, 25947.46513986839636, 17070.55401200152846, 12215.78234473509474, 9392.34491623176473, 7841.79836405845253, 6798.10263049911464, 6640.86359451707813, 
17400,296762.84257294994313, 297617.02262013009749, 296331.45067905663745, 295772.30843353911769, 293586.66284147859551, 290301.01437529624673, 283222.57104917924153, 269338.77726543322206, 240768.03770091003389, 190882.78089998383075, 126504.17580808342609, 74094.55460294317163, 42670.76684658615704, 25947.46513993624831, 17070.55401209399861, 12215.78234482190419, 9392.34491629729746, 7841.79836410089774, 6798.10263050648609, 6640.86359449959582, 
17500,296762.84257150877966, 297617.02262088318821, 296331.45068050565897, 295772.30843286204617, 293586.66284006979549, 290301.01437534403522, 283222.57105050940299, 269338.77726637414889, 240768.03770055723726, 190882.78089900795021, 126504.17580738567631, 74094.55460266755836, 42670.76684654792916, 25947.46513999010131, 17070.55401217355029, 12215.78234489914394, 9392.34491635704762, 7841.79836414107194, 6798.10263051569746, 6640.86359448608891, 
17600,296762.84257002320373, 297617.02262146247085, 296331.45068186538992, 295772.30843232537154, 293586.66283878614195, 290301.01437532220734, 283222.57105168193812, 269338.77726726274705, 240768.03770029827137, 190882.78089815340354, 126504.17580675112549, 74094.55460240543471, 42670.76684650233074, 25947.46514003170887, 17070.55401224184970, 12215.78234496769801, 9392.34491641145723, 7841.79836417889874, 6798.10263052631217, 6640.86359447600080, 
17700,296762.84256852068938, 297617.02262189373141, 296331.45068313513184, 295772.30843190744054, 293586.66283762035891, 290301.01437524461653, 283222.57105271407636, 269338.77726809942396, 240768.03770011826418, 190882.78089740779251, 126504.17580617588828, 74094.55460215757194, 42670.76684645150817, 25947.46514006299549, 17070.55401229984273, 12215.78234502826490, 9392.34491646075912, 7841.79836421436175, 6798.10263053791823, 6640.86359446884126, 
17800,296762.84256702451967, 297617.02262220118428, 296331.45068431692198, 295772.30843159230426, 293586.66283656412270, 290301.01437512284610, 283222.57105361839058, 269338.77726888190955, 240768.03770000350778, 190882.78089675912634, 126504.17580565555545, 74094.55460192456667, 42670.76684639706218, 25947.46514008562735, 17070.55401234917008, 12215.78234508171226, 9392.34491650544260, 7841.79836424745554, 6798.10263055013638, 6640.86359446402821, 
17900,296762.84256555215688, 297617.02262240421260, 296331.45068541244837, 295772.30843136232579, 293586.66283560957527, 290301.01437496813014, 283222.57105440931628, 269338.77726961299777, 240768.03769994428148, 190882.78089619820821, 126504.17580518689647, 74094.55460170665174, 42670.76684634042613, 25947.46514010089959, 17070.55401239065395, 12215.78234512876406, 9392.34491654570229, 7841.79836427819464, 6798.10263056270014, 6640.86359446123424, 
18000,296762.84256411762908, 297617.02262252103537, 296331.45068642415572, 295772.30843120446661, 293586.66283474909142, 290301.01437478716252, 283222.57105509820394, 269338.77727029070957, 240768.03769992859452, 190882.78089571339660, 126504.17580476500734, 74094.55460150350700, 42670.76684628309886, 25947.46514011028194, 17070.55401242539665, 12215.78234516999873, 9392.34491658196202, 7841.79836430667001, 6798.10263057541852, 6640.86359446011011, 
18100,296762.84256273228675, 297617.02262256667018, 296331.45068735582754, 295772.30843110685237, 293586.66283397580264, 290301.01437458884902, 283222.57105569617124, 269338.77727091842098, 240768.03769994902541, 190882.78089529630961, 126504.17580438592995, 74094.55460131437576, 42670.76684622521134, 25947.46514011436375, 17070.55401245413304, 12215.78234520605838, 9392.34491661459106, 7841.79836433296532, 6798.10263058808778, 6640.86359446034294, 
18200,296762.84256140410434, 297617.02262255456299, 296331.45068821095629, 295772.30843105900567, 293586.66283328161808, 290301.01437437761342, 283222.57105621317169, 269338.77727149712155, 240768.03769999861834, 190882.78089494036976, 126504.17580404720502, 74094.55460113973822, 42670.76684616834245, 25947.46514011463296, 17070.55401247788905, 12215.78234523739957, 9392.34491664372945, 7841.79836435715697, 6798.10263060050329, 6640.86359446158622, 
18300,296762.84256013919367, 297617.02262249600608, 296331.45068899332546, 295772.30843105167150, 293586.66283266205573, 290301.01437416049885, 283222.57105665869312, 269338.77727202960523, 240768.03770007091225, 190882.78089463684591, 126504.17580374459794, 74094.55460097853211, 42670.76684611244855, 25947.46514011135514, 17070.55401249710485, 12215.78234526463893, 9392.34491666978647, 7841.79836437930135, 6798.10263061257865, 6640.86359446369352, 
18400,296762.84255894145463, 297617.02262240112759, 296331.45068970764987, 295772.30843107693363, 293586.66283210850088, 290301.01437394024106, 283222.57105704094283, 269338.77727251738543, 240768.03770016040653, 190882.78089438055758, 126504.17580347528565, 74094.55460083042271, 42670.76684605856281, 25947.46514010565079, 17070.55401251256262, 12215.78234528824214, 9392.34491669303497, 7841.79836439962492, 6798.10263062430204, 6640.86359446649840, 
18455,296762.84253339585848, 297617.02261371829081, 296331.45070040790597, 295772.30843704706058, 293586.66282600426348, 290301.01436683879001, 283222.57105851155939, 269338.77728021057555, 240768.03770559854456, 190882.78089402889600, 126504.17580059621832, 74094.55459841804986, 42670.76684470217151, 25947.46513951663655, 17070.55401237354454, 12215.78234541584061, 9392.34491694398457, 7841.79836471114322, 6798.10263091061370, 6640.86359465523674, 
