0,1.72346549573334, 1.69446392528953, 1.65295590778585, 1.60025808378459, 1.53796547520987, 1.46785300299519, 1.39177514621856, 1.31157254139469, 1.22899227929452, 1.14562609612262, 1.06286806962139, 0.98189120584407, 0.90364066859656, 0.82884043164840, 0.75800976922473, 0.69148611228405, 0.62945122752125, 0.57195827167781, 0.51895791365677, 0.47032231645942, 
100,1.62597408958825, 1.64856040726853, 1.69281441819630, 1.71959286788288, 1.72502826560075, 1.74941986293240, 1.79370453969320, 1.82166674891828, 1.76581392435821, 1.56189361947403, 1.20532789641715, 0.84321902636025, 0.57865250787021, 0.41621407920476, 0.33773771906014, 0.31857939904150, 0.31924738274458, 0.31872086300134, 0.30570271097892, 0.31784233617442, 
200,1.73627716537505, 1.85644384254843, 1.96609014760705, 2.00247933180070, 2.00068795511367, 2.00320156166222, 2.00578947856253, 1.96383173405933, 1.80988979683900, 1.50618802228283, 1.09536949937966, 0.72969110684116, 0.48353056127537, 0.33525292994242, 0.24676872172135, 0.19747585090177, 0.17032809810617, 0.14509394157302, 0.10783702909941, 0.13705494047178, 
300,1.77996981061767, 1.80970052151370, 1.80142601153593, 1.81579346443272, 1.83397821963133, 1.86413832449591, 1.88211378187966, 1.84854398483745, 1.71775741027826, 1.45877193067125, 1.09092305783668, 0.74684314199863, 0.50559479017123, 0.35727733350802, 0.26629470329860, 0.21197510163010, 0.17802409936440, 0.15709329824054, 0.14293820539935, 0.14044861871196, 
400,1.71239660468625, 1.70705979191424, 1.69958117231786, 1.68638076208663, 1.66116759092373, 1.63761632730009, 1.59292687759423, 1.52944792506065, 1.41473623060162, 1.21649870637555, 0.92813569906170, 0.64842789935228, 0.44670774078176, 0.31956431286414, 0.24129180846450, 0.19338223475086, 0.16212956044178, 0.14424789527196, 0.13105125237072, 0.12912050490839, 
500,1.70027062209541, 1.68796002083943, 1.67149422975984, 1.64268339592596, 1.60182463936932, 1.56303050069150, 1.52073469001715, 1.46062873081188, 1.34551970880439, 1.14274610764277, 0.85427139805809, 0.58297173083470, 0.39253627315308, 0.27507193143070, 0.20406246323618, 0.16118846592946, 0.13387809329926, 0.11846289731083, 0.10733287120708, 0.10669319830975, 
600,1.70184369284627, 1.70807444801561, 1.71162176206246, 1.70642893470799, 1.68844652606063, 1.66785637619906, 1.63737204449212, 1.57838281328264, 1.45136251179859, 1.22038772572605, 0.89986197898364, 0.60528830811553, 0.40203513335376, 0.27825703654855, 0.20425559842725, 0.15980865612201, 0.13185587575381, 0.11587861953939, 0.10467459400462, 0.10345455344023, 
700,1.71760076885888, 1.73937297686806, 1.75599453603612, 1.76568827318926, 1.76146533962155, 1.75335806303333, 1.73433978729673, 1.68471508343925, 1.56154865108503, 1.32379371349503, 0.98357155086053, 0.66562765737770, 0.44398419435666, 0.30800036939751, 0.22619991901282, 0.17678484040222, 0.14544312160631, 0.12720662899384, 0.11420314708713, 0.11160643282918, 
800,1.72614995441385, 1.74623986119681, 1.75827182578327, 1.76590953396245, 1.76077077585832, 1.75282602223954, 1.73345967713660, 1.68450830649575, 1.56390683459945, 1.33084246400347, 0.99429136357424, 0.67722611185148, 0.45474058373120, 0.31753255205927, 0.23462598549855, 0.18441376447520, 0.15245732147963, 0.13393591914837, 0.12063834644641, 0.11823480614133, 
900,1.72247433402533, 1.73002884817998, 1.72992106076236, 1.72668719552239, 1.71306203492058, 1.69902366523619, 1.67381804241133, 1.62159926789835, 1.50287651711569, 1.27953149904324, 0.95815096474898, 0.65484931738080, 0.44145262672880, 0.30955614401686, 0.22969832549789, 0.18131775563463, 0.15051556516837, 0.13279089111818, 0.12008368443151, 0.11820128525096, 
1000,1.71774461055335, 1.71866726292823, 1.71353471548329, 1.70493018126423, 1.68625005393930, 1.66649561736957, 1.63548710915769, 1.57840691346184, 1.45767479608705, 1.23741436624614, 0.92445329788429, 0.63069555035177, 0.42461756041292, 0.29749151261004, 0.22063538061690, 0.17413832284867, 0.14456936294874, 0.12762401486725, 0.11547912164218, 0.11388463212409, 
1100,1.71737103393456, 1.72093221258947, 1.71883679508569, 1.71414763141531, 1.69916154744154, 1.68101357089762, 1.65068648646750, 1.59285066632445, 1.46987092387696, 1.24529003398020, 0.92749816048594, 0.63043165912952, 0.42277389915537, 0.29503179045007, 0.21799142058362, 0.17143366769871, 0.14186348341924, 0.12486335677008, 0.11268382912137, 0.11092440963373, 
1200,1.72105895623862, 1.72945419713588, 1.73157126562170, 1.73202026315917, 1.72199900096387, 1.70783452608977, 1.68074744706262, 1.62518968264728, 1.50266980876609, 1.27478790412022, 0.94995316926965, 0.64550885574160, 0.43250234190999, 0.30141222634952, 0.22234234033108, 0.17451734082521, 0.14413315658748, 0.12657969955962, 0.11400482886725, 0.11197343125510, 
1300,1.72450267675123, 1.73388428131951, 1.73609434827454, 1.73756644442338, 1.72878702475623, 1.71591112563910, 1.68988573136478, 1.63550575265829, 1.51407464195027, 1.28649295961732, 0.96031984216600, 0.65363480115273, 0.43860235820527, 0.30606207153349, 0.22601975538704, 0.17756322880780, 0.14675694852574, 0.12895263771001, 0.11620222289393, 0.11414492768819, 
1400,1.72498138157997, 1.73143527472056, 1.73052381312744, 1.72963924031297, 1.71906901826929, 1.70489060850508, 1.67759870024175, 1.62268951448826, 1.50199737036518, 1.27687834398171, 0.95410087499227, 0.65024855150052, 0.43695248024554, 0.30536293115745, 0.22583132695410, 0.17767376953540, 0.14705140392416, 0.12939060175667, 0.11675257891591, 0.11482772125735, 
1500,1.72401221900334, 1.72778637156873, 1.72446763366528, 1.72151431164957, 1.70928984660963, 1.69345060252939, 1.66440348196458, 1.60814870659927, 1.48717160311512, 1.26352490105996, 0.94382613017249, 0.64318359829350, 0.43222900347620, 0.30211699513066, 0.22349128444075, 0.17589799011987, 0.14564314085817, 0.12822361299218, 0.11576424766626, 0.11395032059095, 
1600,1.72371413430537, 1.72729121200274, 1.72389090502612, 1.72117532223701, 1.70938557252157, 1.69348508330103, 1.66401526931057, 1.60706040022983, 1.48539869151462, 1.26120294212740, 0.94135749656512, 0.64094855974845, 0.43034822669837, 0.30054286829679, 0.22214735604785, 0.17470778733443, 0.14456080865082, 0.12719776610714, 0.11478076543347, 0.11295754515314, 
1700,1.72461419723436, 1.72936183695908, 1.72693159621639, 1.72557254854514, 1.71525855410181, 1.70041151855822, 1.67159401241368, 1.61487330731860, 1.49300317108634, 1.26777216007370, 0.94613351089620, 0.64397614351883, 0.43216447704095, 0.30162532940759, 0.22279725614319, 0.17508909382371, 0.14477101459596, 0.12728559670120, 0.11478027368005, 0.11288580197643, 
1800,1.72582493514446, 1.73115060786511, 1.72898386948655, 1.72829730232318, 1.71881288595708, 1.70468304094005, 1.67634903870711, 1.61998874703641, 1.49834267959261, 1.27289998513557, 0.95037534868209, 0.64708597553515, 0.43435515902614, 0.30319551230936, 0.22396843891638, 0.17600308010106, 0.14551481382134, 0.12791985719508, 0.11533585074606, 0.11340930249690, 
1900,1.72642714478586, 1.73116827054870, 1.72823851240747, 1.72715115325666, 1.71749401528664, 1.70326818075763, 1.67474898698775, 1.61834364637981, 1.49694582588053, 1.27207093014035, 0.95014015915241, 0.64721688764160, 0.43463619283409, 0.30351978229603, 0.22429428914528, 0.17632146646832, 0.14582442668020, 0.12823014028377, 0.11564863198431, 0.11374681747274, 
2000,1.72644376315565, 1.73030062038466, 1.72645774878638, 1.72470483346575, 1.71461387910336, 1.69998030064677, 1.67097060907124, 1.61419852390247, 1.49279433722397, 1.26846401201245, 0.94749199660165, 0.64548796719458, 0.43354028310225, 0.30280674095456, 0.22380800603633, 0.17597354004244, 0.14556545787360, 0.12803152092850, 0.11549574372262, 0.11363016127503, 
2100,1.72642216370853, 1.72994239696449, 1.72574106348888, 1.72380287164374, 1.71370821875207, 1.69897035144908, 1.66970393711956, 1.61261699122908, 1.49102154920250, 1.26673138129806, 0.94604035461149, 0.64439370316386, 0.43273619439955, 0.30219881184148, 0.22332709178277, 0.17557253332235, 0.14521764956824, 0.12771534721866, 0.11520337093001, 0.11334655674795, 
2200,1.72667874737251, 1.73038964078143, 1.72628321597596, 1.72459921336446, 1.71489518829599, 1.70042206603989, 1.67123825160973, 1.61407878740553, 1.49234250366566, 1.26780432591624, 0.94676693901793, 0.64480654228329, 0.43294192836710, 0.30228342731778, 0.22334268275260, 0.17554465315116, 0.14516213841173, 0.12763776669555, 0.11510962261476, 0.11323724117606, 
2300,1.72709529337940, 1.73100928249562, 1.72696827849801, 1.72551246103262, 1.71615828505030, 1.70197760887437, 1.67294388427186, 1.61583131814610, 1.49409046600986, 1.26942420254172, 0.94806631458283, 0.64572872140595, 0.43356841809952, 0.30271396100344, 0.22364891754827, 0.17577022274256, 0.14533411499834, 0.12777345986678, 0.11521858719494, 0.11333251463399, 
2400,1.72741060064053, 1.73123773157036, 1.72699749983961, 1.72549314504719, 1.71621763118677, 1.70212472031709, 1.67309167175219, 1.61596581591230, 1.49427366528522, 1.26971384342372, 0.94841501137638, 0.64605717661322, 0.43384314403998, 0.30293714230782, 0.22383204746216, 0.17592454497147, 0.14546791178967, 0.12789478104623, 0.11533082474192, 0.11344637862794, 
2500,1.72754178850620, 1.73111720201284, 1.72655886919359, 1.72485269268910, 1.71550347632583, 1.70135507918953, 1.67220105750261, 1.61496439263783, 1.49327335048160, 1.26888450412007, 0.94785294089600, 0.64572562914269, 0.43365612378787, 0.30283043491797, 0.22376930608037, 0.17588673374438, 0.14544517421860, 0.12788253506262, 0.11532641793944, 0.11345146044984, 
2600,1.72759752085870, 1.73101068744647, 1.72624106387954, 1.72440476227265, 1.71504004227543, 1.70086789972047, 1.67161527037948, 1.61425143116506, 1.49249969747235, 1.26817432622638, 0.94730477716345, 0.64534578791069, 0.43339723998655, 0.30264659550240, 0.22363089455836, 0.17577554249433, 0.14535131201813, 0.12779918461129, 0.11525072496357, 0.11338070324019, 
2700,1.72769400515509, 1.73110878761230, 1.72628074232981, 1.72444862783682, 1.71518388689601, 1.70108908339342, 1.67183028359843, 1.61439528170305, 1.49257533084073, 1.26820610648656, 0.94730737207761, 0.64532865761669, 0.43336900901753, 0.30261228070537, 0.22359337143142, 0.17573506588138, 0.14530860140625, 0.12775351432324, 0.11520255433708, 0.11332982576357, 
2800,1.72784023662310, 1.73131186297952, 1.72646954183964, 1.72467983511820, 1.71553993934480, 1.70155932459782, 1.67234074983264, 1.61488433213661, 1.49302970065059, 1.26861283730073, 0.94762994424260, 0.64555515595562, 0.43351986345493, 0.30271235757108, 0.22366088171224, 0.17578071657232, 0.14533930537289, 0.12777343478565, 0.11521409605018, 0.11333667440857, 
2900,1.72797482860008, 1.73144756894943, 1.72654045306547, 1.72473722042328, 1.71566025498481, 1.70175155115693, 1.67255002894347, 1.61507476136239, 1.49321138811924, 1.26880500733145, 0.94781531875860, 0.64570944446588, 0.43363867348587, 0.30280252635676, 0.22373043188875, 0.17583555524607, 0.14538358822288, 0.12781053922549, 0.11524549736395, 0.11336665952692, 
3000,1.72805738227828, 1.73147249212868, 1.72645652692934, 1.72458459796878, 1.71551149562737, 1.70162368900028, 1.67240134706052, 1.61488490159219, 1.49301001962406, 1.26864839465545, 0.94772789727576, 0.64567410530767, 0.43363037446265, 0.30280587823310, 0.22373823465186, 0.17584458542906, 0.14539255401767, 0.12781936917008, 0.11525386117780, 0.11337668123821, 
3100,1.72810203748961, 1.73146412619580, 1.72635421529992, 1.72441505137152, 1.71534087504979, 1.70146486430268, 1.67221567256422, 1.61464799691749, 1.49274581994808, 1.26841235795406, 0.94755789202392, 0.64556643013003, 0.43356347928553, 0.30276208987271, 0.22370726682826, 0.17582054864617, 0.14537242060841, 0.12780140086346, 0.11523711177664, 0.11336143052630, 
3200,1.72814288191150, 1.73149516450279, 1.72633637559451, 1.72436521746152, 1.71531665576108, 1.70147393211467, 1.67221928257524, 1.61461211127812, 1.49267626372211, 1.26833848254709, 0.94750047485302, 0.64552701053288, 0.43353590291430, 0.30274086609970, 0.22368932813616, 0.17580381516560, 0.14535597724519, 0.12778450680306, 0.11521945398515, 0.11334329751891, 
3300,1.72819356061222, 1.73156367159209, 1.72638282851562, 1.72440158745904, 1.71539273126073, 1.70159822850006, 1.67235643808474, 1.61472681751642, 1.49276442534564, 1.26841105103297, 0.94755954325309, 0.64557050818850, 0.43356571812451, 0.30276047093183, 0.22370183853861, 0.17581100542542, 0.14535915871300, 0.12778448115018, 0.11521659482948, 0.11333884287414, 
3400,1.72824339728672, 1.73162586915311, 1.72641980128968, 1.72442238765481, 1.71544161089141, 1.70168829797564, 1.67245911912445, 1.61481388985432, 1.49283455335990, 1.26847673502160, 0.94762132874809, 0.64562211694393, 0.43360552409031, 0.30279036381587, 0.22372437492543, 0.17582799427784, 0.14537192783143, 0.12779412070782, 0.11522346582184, 0.11334460590336, 
3500,1.72827904014693, 1.73165719200343, 1.72641465950242, 1.72438615473368, 1.71541449621188, 1.70168634043972, 1.67245996600482, 1.61479635630561, 1.49280311400450, 1.26845305415968, 0.94761555130960, 0.64562850751758, 0.43361632362621, 0.30280147321070, 0.22373438170002, 0.17583643818929, 0.14537877555309, 0.12779968186006, 0.11522764984588, 0.11334863345293, 
3600,1.72829988532544, 1.73166947837525, 1.72639143509435, 1.72432827816344, 1.71535816907336, 1.70164701736265, 1.67241868484308, 1.61473386965564, 1.49272427918875, 1.26838167002171, 0.94756784084418, 0.64560235040745, 0.43360305637675, 0.30279462087842, 0.22373053379922, 0.17583376149746, 0.14537637385068, 0.12779719472467, 0.11522469570621, 0.11334580247776, 
3700,1.72831445056106, 1.73168487215379, 1.72638362812097, 1.72429431070769, 1.71532982021347, 1.70163779649154, 1.67241122264312, 1.61470774378831, 1.49267992168937, 1.26833651396859, 0.94753543325936, 0.64558308146233, 0.43359198068811, 0.30278765800029, 0.22372548867097, 0.17582934023414, 0.14537194346540, 0.12779243168349, 0.11521929103630, 0.11334012637798, 
3800,1.72832904660160, 1.73170999380160, 1.72639672047239, 1.72429016901028, 1.71533595217296, 1.70166682708125, 1.67244759657445, 1.61473095805372, 1.49268657210145, 1.26833698134956, 0.94753742551728, 0.64558689529069, 0.43359598123544, 0.30279085115491, 0.22372765028749, 0.17583033225194, 0.14537178181358, 0.12779119185494, 0.11521686480457, 0.11333703441787, 
3900,1.72834314020870, 1.73173601409080, 1.72641383199659, 1.72429201187905, 1.71534649437336, 1.70169908216556, 1.67248867508017, 1.61476269762673, 1.49270514970310, 1.26835057678854, 0.94755122224241, 0.64560010017094, 0.43360721739202, 0.30279977058837, 0.22373454137353, 0.17583544663828, 0.14537535126048, 0.12779349059779, 0.11521785081196, 0.11333736627885, 
4000,1.72835330616920, 1.73175404685428, 1.72642139632053, 1.72428178001141, 1.71533961098546, 1.70170895611491, 1.67250514794143, 1.61477064881364, 1.49270219937800, 1.26834620050356, 0.94755195440693, 0.64560493082852, 0.43361339091638, 0.30280569733943, 0.22373970014985, 0.17583965525888, 0.14537857371604, 0.12779586746043, 0.11521925380816, 0.11333837276991, 
4100,1.72835837486734, 1.73176433402096, 1.72642117670411, 1.72426261389089, 1.71532014997915, 1.70170215767787, 1.67250283653243, 1.61475962286851, 1.49268074283000, 1.26832446238403, 0.94753818701430, 0.64559895487630, 0.43361186048420, 0.30280608717288, 0.22374075491020, 0.17584072277626, 0.14537932247874, 0.12779622710235, 0.11521900200268, 0.11333788998144, 
4200,1.72836017941596, 1.73177258868766, 1.72642217164397, 1.72424693465029, 1.71530403305168, 1.70169752605749, 1.67250275953420, 1.61475162752608, 1.49266232043543, 1.26830413764246, 0.94752386613825, 0.64559133812253, 0.43360841438858, 0.30280464258825, 0.22374015311017, 0.17584031069134, 0.14537874765023, 0.12779536205010, 0.11521761904633, 0.11333624117162, 
4300,1.72836094831072, 1.73178234098031, 1.72642860997997, 1.72424012300622, 1.71529792286710, 1.70170310706847, 1.67251412474469, 1.61475689134160, 1.49265787518061, 1.26829601909353, 0.94751820300059, 0.64558906374733, 0.43360813904574, 0.30280513072834, 0.22374079391294, 0.17584075310295, 0.14537880211049, 0.12779498414376, 0.11521663572489, 0.11333489267827, 
4400,1.72836130406372, 1.73179253440069, 1.72643757905284, 1.72423783763097, 1.71529633663600, 1.70171264785712, 1.67253001649995, 1.61476836622156, 1.49266099583725, 1.26829531030198, 0.94751841233529, 0.64559089651438, 0.43361067694043, 0.30280763550070, 0.22374297672238, 0.17584246720434, 0.14537996990901, 0.12779563845535, 0.11521664307679, 0.11333451671809, 
4500,1.72836061928068, 1.73180064116246, 1.72644474546387, 1.72423412078438, 1.71529201967324, 1.70171773903542, 1.67254089018561, 1.61477568264786, 1.49266120119317, 1.26829263400882, 0.94751733740982, 0.64559197106664, 0.43361282217310, 0.30280999282523, 0.22374517327674, 0.17584432148325, 0.14538137823700, 0.12779662543521, 0.11521707152584, 0.11333463087943, 
4600,1.72835842716874, 1.73180596013391, 1.72644919059567, 1.72422784845702, 1.71528387856867, 1.70171717484651, 1.67254521991707, 1.61477677651760, 1.49265591495625, 1.26828515184620, 0.94751233940480, 0.64559013342966, 0.43361289837617, 0.30281088167859, 0.22374630681410, 0.17584539786442, 0.14538221677718, 0.12779719606422, 0.11521721745785, 0.11333453529010, 
4700,1.72835506107791, 1.73180974028967, 1.72645289956234, 1.72422176866260, 1.71527556107088, 1.70171533484323, 1.67254784374166, 1.61477654477918, 1.49264972992641, 1.26827667255512, 0.94750608434681, 0.64558700916879, 0.43361183643379, 0.30281082129990, 0.22374665747981, 0.17584582769368, 0.14538252079971, 0.12779731361096, 0.11521698914139, 0.11333408816041, 
4800,1.72835120321169, 1.73181329363768, 1.72645757479490, 1.72421808478551, 1.71526988465052, 1.70171564481052, 1.67255263486201, 1.61477911887706, 1.49264683971092, 1.26827109982588, 0.94750172550003, 0.64558487030798, 0.43361121524683, 0.30281092920111, 0.22374704826889, 0.17584624361951, 0.14538279528766, 0.12779739835366, 0.11521674231559, 0.11333361240874, 
4900,1.72834723774107, 1.73181679330522, 1.72646303037397, 1.72421638142610, 1.71526634519687, 1.70171762420276, 1.67255909660751, 1.61478403559756, 1.49264694225232, 1.26826844293109, 0.94749954957679, 0.64558412325840, 0.43361144696904, 0.30281158380608, 0.22374781852264, 0.17584695362257, 0.14538332358126, 0.12779772114097, 0.11521673763206, 0.11333337809531, 
5000,1.72834313533707, 1.73181967809278, 1.72646812540431, 1.72421500970696, 1.71526294141960, 1.70171901074152, 1.67256468520560, 1.61478854158443, 1.49264728992084, 1.26826632672806, 0.94749783548029, 0.64558366920560, 0.43361185632404, 0.30281236272012, 0.22374869361040, 0.17584777246101, 0.14538397689899, 0.12779819197237, 0.11521691341881, 0.11333334790319, 
5100,1.72833877235481, 1.73182161135654, 1.72647227736071, 1.72421315052046, 1.71525875100163, 1.70171879133110, 1.67256822770164, 1.61479125174339, 1.49264635461779, 1.26826327024198, 0.94749536509132, 0.64558261555591, 0.43361180858761, 0.30281280196028, 0.22374931795475, 0.17584841235492, 0.14538451171495, 0.12779859425382, 0.11521707242605, 0.11333333268296, 
5200,1.72833419396783, 1.73182281588853, 1.72647581183536, 1.72421122495485, 1.71525438843704, 1.70171775397576, 1.67257058669601, 1.61479296784643, 1.49264480181815, 1.26825975139164, 0.94749241629861, 0.64558108692695, 0.43361133830078, 0.30281288762122, 0.22374965192694, 0.17584881730081, 0.14538486118247, 0.12779885084204, 0.11521712881562, 0.11333323601312, 
5300,1.72832958463579, 1.73182370502578, 1.72647927029338, 1.72420991122909, 1.71525074643909, 1.70171701530606, 1.67257302430445, 1.61479499065661, 1.49264389183417, 1.26825689327737, 0.94748986379239, 0.64557969272106, 0.43361085481213, 0.30281289866709, 0.22374989239909, 0.17584913077438, 0.14538513262909, 0.12779904387122, 0.11521714484094, 0.11333310801920, 
5400,1.72832509622934, 1.73182446351423, 1.72648278647263, 1.72420931078020, 1.71524796988756, 1.70171681085819, 1.67257582669632, 1.61479762108495, 1.49264394179254, 1.26825504341644, 0.94748804966010, 0.64557872584831, 0.43361059195366, 0.30281302028347, 0.22375018899535, 0.17584947740305, 0.14538543255935, 0.12779926820694, 0.11521720572794, 0.11333303198783, 
5500,1.72832076477089, 1.73182501701847, 1.72648612418918, 1.72420903314766, 1.71524559058759, 1.70171664755712, 1.67257845415813, 1.61480026652070, 1.49264435531861, 1.26825370440847, 0.94748664221883, 0.64557799990195, 0.43361045385622, 0.30281320597029, 0.22375052147364, 0.17584985141621, 0.14538576329119, 0.12779953180659, 0.11521732282867, 0.11333302436235, 
5600,1.72831656475047, 1.73182526422158, 1.72648907051468, 1.72420874246512, 1.71524321887911, 1.70171611568341, 1.67258044981600, 1.61480239615524, 1.49264455513236, 1.26825233778118, 0.94748522376312, 0.64557722874878, 0.43361025032524, 0.30281332518705, 0.22375079522697, 0.17585017978854, 0.14538606517853, 0.12779978321309, 0.11521745002201, 0.11333304227798, 
5700,1.72831249291373, 1.73182523483656, 1.72649164824380, 1.72420843364785, 1.71524087786100, 1.70171528504134, 1.67258189479429, 1.61480404947809, 1.49264452340501, 1.26825088648721, 0.94748372670676, 0.64557635099378, 0.43360992976289, 0.30281333398285, 0.22375097152789, 0.17585042646831, 0.14538630340325, 0.12779998728325, 0.11521755112128, 0.11333304754647, 
5800,1.72830858761911, 1.73182504688684, 1.72649400869658, 1.72420827198726, 1.71523879207966, 1.70171445950442, 1.67258314017061, 1.61480557189815, 1.49264456984662, 1.26824960920775, 0.94748234507518, 0.64557549857600, 0.43360957874901, 0.30281328942994, 0.22375108875823, 0.17585061723956, 0.14538649481376, 0.12780015414221, 0.11521763043305, 0.11333304044792, 
5900,1.72830489186689, 1.73182478777895, 1.72649624068612, 1.72420833217101, 1.71523706211960, 1.70171379465813, 1.67258437570941, 1.61480715344615, 1.49264487074320, 1.26824866991597, 0.94748122196084, 0.64557478499293, 0.43360928329858, 0.30281325680964, 0.22375119766010, 0.17585079259448, 0.14538667233086, 0.12780031141957, 0.11521771089315, 0.11333304184596, 
6000,1.72830142076827, 1.73182446913026, 1.72649831959419, 1.72420853696415, 1.71523559551277, 1.70171321527140, 1.67258553127046, 1.61480870958418, 1.49264533048705, 1.26824799044988, 0.94748031502006, 0.64557419726349, 0.43360904612609, 0.30281324551294, 0.22375130996658, 0.17585096472386, 0.14538684764513, 0.12780047035812, 0.11521780274146, 0.11333306232571, 
6100,1.72829816505462, 1.73182407106691, 1.72650019031313, 1.72420877538327, 1.71523425906168, 1.70171259379675, 1.67258647462487, 1.61481008416996, 1.49264577263609, 1.26824740629113, 0.94747950193766, 0.64557365736110, 0.43360881976969, 0.30281322596464, 0.22375140621718, 0.17585111982277, 0.14538701005406, 0.12780062201585, 0.11521789773660, 0.11333309431970, 
6200,1.72829511340478, 1.73182359615958, 1.72650184702455, 1.72420900958725, 1.71523301120898, 1.70171190672891, 1.67258718880155, 1.61481124179514, 1.49264613643995, 1.26824684742343, 0.94747872364645, 0.64557312339634, 0.43360857576676, 0.30281317798156, 0.22375147105727, 0.17585124508838, 0.14538714796502, 0.12780075514356, 0.11521798430362, 0.11333312573000, 
6300,1.72829226447772, 1.73182307583035, 1.72650333144961, 1.72420926821625, 1.71523189065855, 1.70171122230575, 1.67258776075016, 1.61481226204760, 1.49264648054411, 1.26824635376215, 0.94747800732948, 0.64557261373066, 0.43360832645547, 0.30281310972882, 0.22375150977123, 0.17585134353680, 0.14538726246632, 0.12780086913759, 0.11521806002210, 0.11333315274610, 
6400,1.72828962147478, 1.73182254250733, 1.72650468418463, 1.72420957846806, 1.71523093075697, 1.70171060033153, 1.67258826916379, 1.61481322148429, 1.49264686797975, 1.26824597658281, 0.94747739493841, 0.64557216125799, 0.43360809693368, 0.30281304035005, 0.22375153721391, 0.17585142682692, 0.14538736265853, 0.12780097114423, 0.11521813006588, 0.11333317938998, 
6500,1.72828718227285, 1.73182200950683, 1.72650591649019, 1.72420992909649, 1.71523011495310, 1.70171003971475, 1.67258872419419, 1.61481412626160, 1.49264729484093, 1.26824571013734, 0.94747688666326, 0.64557177171719, 0.43360789534974, 0.30281297833222, 0.22375156137571, 0.17585150216077, 0.14538745478283, 0.12780106660565, 0.11521819881428, 0.11333320959246, 
6600,1.72828493722245, 1.73182147588982, 1.72650702227858, 1.72421028842273, 1.71522940104000, 1.70170950686152, 1.67258909825913, 1.61481494196031, 1.49264771581190, 1.26824550921346, 0.94747644958757, 0.64557142597161, 0.43360771185087, 0.30281291893094, 0.22375158015843, 0.17585156872483, 0.14538753849106, 0.12780115531215, 0.11521826573777, 0.11333324269836, 
6700,1.72828287410235, 1.73182094164149, 1.72650800202611, 1.72421063692028, 1.71522876214093, 1.70170898407653, 1.67258938051692, 1.61481565149277, 1.49264810172518, 1.26824534021393, 0.94747605648525, 0.64557110621647, 0.43360753568235, 0.30281285554590, 0.22375158925535, 0.17585162337137, 0.14538761108623, 0.12780123465816, 0.11521832791045, 0.11333327547283, 
6800,1.72828098273646, 1.73182041413655, 1.72650886992060, 1.72421097581110, 1.71522819678260, 1.70170848180276, 1.67258959129164, 1.61481627199561, 1.49264845868255, 1.26824520117158, 0.94747570387250, 0.64557081034345, 0.43360736609574, 0.30281278810361, 0.22375158881727, 0.17585166615470, 0.14538767228693, 0.12780130393719, 0.11521838394997, 0.11333330596276, 
6900,1.72827925509448, 1.73181990321069, 1.72650964388488, 1.72421131264160, 1.71522771048379, 1.70170801727406, 1.67258975841495, 1.61481683045396, 1.49264880510857, 1.26824510321764, 0.94747539969335, 0.64557054496468, 0.43360720874036, 0.30281272134047, 0.22375158277976, 0.17585170028046, 0.14538772456216, 0.12780136497288, 0.11521843487021, 0.11333333460169, 
7000,1.72827768284089, 1.73181941456684, 1.72651033533400, 1.72421164736855, 1.71522729867976, 1.70170759455491, 1.67258989458475, 1.61481733902816, 1.49264914650164, 1.26824504746019, 0.94747514516299, 0.64557031269799, 0.43360706703920, 0.30281265881403, 0.22375157451534, 0.17585172879377, 0.14538777050128, 0.12780141993835, 0.11521848223676, 0.11333336256126, 
7100,1.72827625600231, 1.73181894894037, 1.72651094897475, 1.72421197246994, 1.71522694739936, 1.70170720538618, 1.67258999799103, 1.61481779477282, 1.49264947385910, 1.26824502206467, 0.94747493118530, 0.64557010871219, 0.43360693919631, 0.30281260036313, 0.22375156464973, 0.17585175263867, 0.14538781104475, 0.12780146967280, 0.11521852654616, 0.11333339009539, 
7200,1.72827496378778, 1.73181850568304, 1.72651148878689, 1.72421228116933, 1.71522664378080, 1.70170684165384, 1.67259006626450, 1.61481819414984, 1.49264977766666, 1.26824501417517, 0.94747474697744, 0.64556992623077, 0.43360682155845, 0.30281254417349, 0.22375155236019, 0.17585177147881, 0.14538784599508, 0.12780151397052, 0.11521856734556, 0.11333341652035, 
7300,1.72827379600195, 1.73181808554589, 1.72651196173647, 1.72421257218759, 1.71522638191504, 1.70170650242408, 1.67259010454939, 1.61481854189018, 1.49265005713220, 1.26824501870881, 0.94747458733251, 0.64556976188730, 0.43360671242761, 0.30281248954612, 0.22375153746928, 0.17585178535532, 0.14538787538122, 0.12780155275572, 0.11521860426303, 0.11333344118010, 
7400,1.72827274350572, 1.73181769033466, 1.72651237645662, 1.72421284759903, 1.71522616003633, 1.70170619079585, 1.67259012211948, 1.61481884766994, 1.49265031731855, 1.26824503645197, 0.94747445180237, 0.64556961565786, 0.43360661235874, 0.30281243734351, 0.22375152094128, 0.17585179520163, 0.14538789997688, 0.12780158661467, 0.11521863754834, 0.11333346402917, 
7500,1.72827179773055, 1.73181732115277, 1.72651274026778, 1.72421310863621, 1.71522597531239, 1.70170590787864, 1.67259012562234, 1.61481911885456, 1.49265056186840, 1.26824506761675, 0.94747433985276, 0.64556948763149, 0.43360652208121, 0.30281238862413, 0.22375150394662, 0.17585180217472, 0.14538792080411, 0.12780161641600, 0.11521866777945, 0.11333348540104, 
7600,1.72827095017392, 1.73181697764562, 1.72651305820132, 1.72421335438096, 1.71522582234896, 1.70170565110102, 1.67259011711575, 1.61481935814332, 1.49265079030007, 1.26824510905216, 0.94747424841635, 0.64556937611308, 0.43360644108676, 0.30281234357208, 0.22375148701816, 0.17585180695697, 0.14538793853217, 0.12780164276764, 0.11521869536145, 0.11333350551703, 
7700,1.72827019243023, 1.73181665867266, 1.72651333421357, 1.72421358341462, 1.71522569535002, 1.70170541681689, 1.67259009697526, 1.61481956649114, 1.49265100067216, 1.26824515635251, 0.94747417328109, 0.64556927840497, 0.43360636802883, 0.30281230168003, 0.22375147011319, 0.17585180974410, 0.14538795341787, 0.12780166591897, 0.11521872039832, 0.11333352432538, 
7800,1.72826951654015, 1.73181636322748, 1.72651357252064, 1.72421379553142, 1.71522559025915, 1.70170520290233, 1.67259006686137, 1.61481974627606, 1.49265119275031, 1.26824520672927, 0.94747411134995, 0.64556919239914, 0.43360630180870, 0.30281226250564, 0.22375145316236, 0.17585181066085, 0.14538796563182, 0.12780168602690, 0.11521874291217, 0.11333354169313, 
7900,1.72826891520043, 1.73181609064710, 1.72651377770273, 1.72421399173608, 1.71522550471647, 1.70170500878349, 1.67259002981754, 1.61481990147406, 1.49265136828514, 1.26824525943099, 0.94747406114191, 0.64556911705987, 0.43360624199338, 0.30281222602411, 0.22375143636997, 0.17585181002396, 0.14538797549379, 0.12780170337519, 0.11521876304915, 0.11333355761345, 
8000,1.72826838169135, 1.73181584023882, 1.72651395399957, 1.72421417318268, 1.71522543672064, 1.70170483392678, 1.67258998860941, 1.61482003589548, 1.49265152926628, 1.26824531424452, 0.94747402172239, 0.64556905175917, 0.43360618842322, 0.30281219239639, 0.22375142007462, 0.17585180825834, 0.14538798342334, 0.12780171834916, 0.11521878107102, 0.11333357221261, 
8100,1.72826790971024, 1.73181561097405, 1.72651410485375, 1.72421434050650, 1.71522538381809, 1.70170467693321, 1.67258994471341, 1.61482015204189, 1.49265167668799, 1.26824537031115, 0.94747399174150, 0.64556899558477, 0.43360614073105, 0.30281216162657, 0.22375140449363, 0.17585180569601, 0.14538798977395, 0.12780173129181, 0.11521879722655, 0.11333358562844, 
8200,1.72826749331065, 1.73181540156199, 1.72651423308324, 1.72421449402672, 1.71522534338096, 1.70170453590611, 1.67258989873686, 1.61482025148830, 1.49265181082983, 1.26824542627685, 0.94747396947335, 0.64556894731472, 0.43360609828952, 0.30281213349990, 0.22375138965870, 0.17585180251057, 0.14538799476652, 0.12780174243447, 0.11521881167889, 0.11333359793114, 
8300,1.72826712695565, 1.73181521070523, 1.72651434128273, 1.72421463424107, 1.71522531322599, 1.70170440921953, 1.67258985130505, 1.61482033580934, 1.49265193214373, 1.26824548105821, 0.94747395339227, 0.64556890580732, 0.43360606046704, 0.30281210775380, 0.22375137553460, 0.17585179880215, 0.14538799855147, 0.12780175194261, 0.11521882453819, 0.11333360914659, 
8400,1.72826680557291, 1.73181503723319, 1.72651443198640, 1.72421476198129, 1.71522529179170, 1.70170429576598, 1.67258980337257, 1.61482040692305, 1.49265204160539, 1.26824553418608, 0.94747394247649, 0.64556887024315, 0.43360602681299, 0.30281208422097, 0.22375136213308, 0.17585179469147, 0.14538800128851, 0.12780175998642, 0.11521883592409, 0.11333361931596, 
8500,1.72826652453963, 1.73181488004975, 1.72651450755064, 1.72421487819496, 1.71522527785051, 1.70170419465199, 1.67258975590832, 1.61482046676155, 1.49265214038670, 1.26824558553288, 0.94747393603040, 0.64556884003161, 0.43360599701647, 0.30281206281619, 0.22375134951425, 0.17585179032924, 0.14538800316027, 0.12780176675735, 0.11521884598380, 0.11333362851635, 
8600,1.72826627962262, 1.73181473803838, 1.72651457000990, 1.72421498370846, 1.71522527020722, 1.70170410487107, 1.67258970954529, 1.61482051688447, 1.49265222944219, 1.26824563492493, 0.94747393338212, 0.64556881460453, 0.43360597077108, 0.30281204344582, 0.22375133772312, 0.17585178584913, 0.14538800433540, 0.12780177243773, 0.11521885486570, 0.11333363683676, 
8700,1.72826606693145, 1.73181461004937, 1.72651462108169, 1.72421507920357, 1.71522526766808, 1.70170402529042, 1.67258966457923, 1.61482055845796, 1.49265230945022, 1.26824568205487, 0.94747393379422, 0.64556879334216, 0.43360594771792, 0.30281202596340, 0.22375132675365, 0.17585178133699, 0.14538800494082, 0.12780177717425, 0.11521886269306, 0.11333364435064, 
8800,1.72826588290522, 1.73181449495852, 1.72651466227592, 1.72421516533555, 1.71522526918204, 1.70170395483772, 1.67258962119475, 1.61482059248611, 1.49265238101922, 1.26824572664464, 0.94747393657756, 0.64556877564588, 0.43360592749106, 0.30281201019849, 0.22375131656751, 0.17585177684299, 0.14538800506911, 0.12780178108162, 0.11521886956422, 0.11333365111314, 
8900,1.72826572431132, 1.73181439171757, 1.72651469497637, 1.72421524281061, 1.71522527392584, 1.70170389262036, 1.67258957961790, 1.61482061997503, 1.49265244484300, 1.26824576858181, 0.94747394120115, 0.64556876102040, 0.43360590977775, 0.30281199600170, 0.22375130712893, 0.17585177240956, 0.14538800480137, 0.12780178426195, 0.11521887556870, 0.11333365717539, 
9000,1.72826558823102, 1.73181429935503, 1.72651472044235, 1.72421531235667, 1.71522528125453, 1.70170383788415, 1.67258954008729, 1.61482064190561, 1.49265250166881, 1.26824580789252, 0.94747394727972, 0.64556874907439, 0.43360589432623, 0.30281198325535, 0.22375129841627, 0.17585176808298, 0.14538800421838, 0.12780178681549, 0.11521888079717, 0.11333366259430, 
9100,1.72826547203035, 1.73181421695065, 1.72651473977772, 1.72421537465550, 1.71522529060655, 1.70170378991558, 1.67258950275848, 1.61482065913103, 1.49265255218460, 1.26824584463402, 0.94747395449149, 0.64556873946718, 0.43360588091330, 0.30281197185388, 0.22375129040975, 0.17585176390557, 0.14538800339514, 0.12780178883672, 0.11521888533815, 0.11333366742972, 
9200,1.72826537333030, 1.73181414362206, 1.72651475392665, 1.72421543031663, 1.71522530146295, 1.70170374800553, 1.67258946767493, 1.61482067234211, 1.49265259696993, 1.26824587883759, 0.94747396252789, 0.64556873187183, 0.43360586931904, 0.30281196168615, 0.22375128307864, 0.17585175990559, 0.14538800239252, 0.12780179040682, 0.11521888927068, 0.11333367173680, 
9300,1.72826528998604, 1.73181407853337, 1.72651476370378, 1.72421547990016, 1.71522531336750, 1.70170371148274, 1.67258943481690, 1.61482068211753, 1.49265263653394, 1.26824591053088, 0.94747397110466, 0.64556872598049, 0.43360585932951, 0.30281195263693, 0.22375127638189, 0.17585175609745, 0.14538800125673, 0.12780179159250, 0.11521889266221, 0.11333367556289, 
9400,1.72826522007266, 1.73181402090862, 1.72651476982768, 1.72421552394476, 1.71522532595225, 1.70170367975265, 1.67258940415638, 1.61482068898348, 1.49265267136780, 1.26824593977865, 0.94747397999167, 0.64556872152563, 0.43360585075216, 0.30281194459844, 0.22375127027725, 0.17585175248894, 0.14538800002521, 0.12780179245074, 0.11521889557226, 0.11333367895039, 
9500,1.72826516187026, 1.73181397003439, 1.72651477293500, 1.72421556297042, 1.71522533893122, 1.70170365229747, 1.67258937566792, 1.61482069342801, 1.49265270195468, 1.26824596668850, 0.94747398901805, 0.64556871828593, 0.43360584342205, 0.30281193747643, 0.22375126472694, 0.17585174908657, 0.14538799873147, 0.12780179303331, 0.11521889805624, 0.11333368194014, 
9600,1.72826511384571, 1.73181392525224, 1.72651477357989, 1.72421559746352, 1.71522535207278, 1.70170362864995, 1.67258934930861, 1.61482069588172, 1.49265272874574, 1.26824599138530, 0.94747399805204, 0.64556871607377, 0.43360583719515, 0.30281193118698, 0.22375125969642, 0.17585174589548, 0.14538799740546, 0.12780179338742, 0.11521890016608, 0.11333368457192, 
9700,1.72826507463383, 1.73181388595126, 1.72651477223516, 1.72421562786668, 1.71522536517926, 1.70170360837441, 1.67258932500480, 1.61482069670471, 1.49265275214147, 1.26824601398856, 0.94747400698101, 0.64556871472114, 0.43360583193928, 0.30281192565077, 0.22375125515072, 0.17585174291689, 0.14538799607173, 0.12780179355418, 0.11521890194868, 0.11333368688279, 
9800,1.72826504302107, 1.73181385156615, 1.72651476930241, 1.72421565458254, 1.71522537808421, 1.70170359106775, 1.67258930266057, 1.61482069619668, 1.49265277249641, 1.26824603461079, 0.94747401570728, 0.64556871407581, 0.43360582753151, 0.30281192079144, 0.22375125105336, 0.17585174014748, 0.14538799474890, 0.12780179356805, 0.11521890344511, 0.11333368890589, 
9900,1.72826501793214, 1.73181382157843, 1.72651476512558, 1.72421567798306, 1.71522539065699, 1.70170357636822, 1.67258928217447, 1.61482069461658, 1.49265279013499, 1.26824605336722, 0.94747402415355, 0.64556871400481, 0.43360582386076, 0.30281191653777, 0.22375124736831, 0.17585173758104, 0.14538799345103, 0.12780179345798, 0.11521890469137, 0.11333369067085, 
10000,1.72826499841792, 1.73181379551589, 1.72651476000047, 1.72421569841424, 1.71522540280171, 1.70170356395706, 1.67258926344761, 1.61482069219365, 1.49265280536010, 1.26824607038042, 0.94747403226541, 0.64556871439645, 0.43360582082984, 0.30281191282566, 0.22375124406191, 0.17585173521042, 0.14538799218941, 0.12780179324906, 0.11521890571977, 0.11333369220487, 
10100,1.72826498364327, 1.73181377294916, 1.72651475417904, 1.72421571619487, 1.71522541444917, 1.70170355355125, 1.67258924638133, 1.61482068912717, 1.49265281845063, 1.26824608577532, 0.94747404000659, 0.64556871515726, 0.43360581835399, 0.30281190959786, 0.22375124110321, 0.17585173302812, 0.14538799097331, 0.12780179296332, 0.11521890655961, 0.11333369353329, 
10200,1.72826497287507, 1.73181375348742, 1.72651474787236, 1.72421573161448, 1.71522542554852, 1.70170354489546, 1.67258923087297, 1.61482068558401, 1.49265282965695, 1.26824609967217, 0.94747404735209, 0.64556871620709, 0.43360581635791, 0.30281190680219, 0.22375123846299, 0.17585173102589, 0.14538798980983, 0.12780179261971, 0.11521890723714, 0.11333369467940, 
10300,1.72826496547136, 1.73181373677526, 1.72651474125525, 1.72421574493457, 1.71522543606345, 1.70170353775885, 1.67258921681675, 1.61482068170125, 1.49265283920140, 1.26824611218396, 0.94747405428450, 0.64556871747611, 0.43360581477377, 0.30281190439039, 0.22375123611315, 0.17585172919444, 0.14538798870375, 0.12780179223402, 0.11521890777542, 0.11333369566416, 
10400,1.72826496087178, 1.73181372249092, 1.72651473447205, 1.72421575639213, 1.71522544597161, 1.70170353193537, 1.67258920410810, 1.61482067759271, 1.49265284728325, 1.26824612341830, 0.94747406079411, 0.64556871890448, 0.43360581354108, 0.30281190231823, 0.22375123402700, 0.17585172752376, 0.14538798765792, 0.12780179181927, 0.11521890819458, 0.11333369650630, 
10500,1.72826495858919, 1.73181371034449, 1.72651472764173, 1.72421576620272, 1.71522545526390, 1.70170352724355, 1.67258919264696, 1.61482067335439, 1.49265285408308, 1.26824613347931, 0.94747406687923, 0.64556872044240, 0.43360581260681, 0.30281190054583, 0.22375123217967, 0.17585172600378, 0.14538798667382, 0.12780179138629, 0.11521890851230, 0.11333369722267, 
10600,1.72826495820176, 1.73181370007549, 1.72651472086129, 1.72421577456184, 1.71522546394185, 1.70170352352395, 1.67258918233810, 1.61482066906672, 1.49265285976419, 1.26824614246721, 0.94747407254500, 0.64556872204908, 0.43360581192498, 0.30281189903760, 0.22375123054837, 0.17585172462461, 0.14538798575205, 0.12780179094414, 0.11521890874423, 0.11333369782853, 
10700,1.72826495934559, 1.73181369145020, 1.72651471420823, 1.72421578164547, 1.71522547201452, 1.70170352063562, 1.67258917309001, 1.61482066479506, 1.49265286447251, 1.26824615047661, 0.94747407780114, 0.64556872369102, 0.43360581145548, 0.30281189776165, 0.22375122911209, 0.17585172337664, 0.14538798489236, 0.12780179050035, 0.11521890890416, 0.11333369833770, 
10800,1.72826496170797, 1.73181368425912, 1.72651470774295, 1.72421578761119, 1.71522547949631, 1.70170351845369, 1.67258916481459, 1.61482066059102, 1.49265286833714, 1.26824615759551, 0.94747408266019, 0.64556872534042, 0.43360581116308, 0.30281189668917, 0.22375122785132, 0.17585172225036, 0.14538798409373, 0.12780179006099, 0.11521890900412, 0.11333369876254, 
10900,1.72826496502140, 1.73181367831500, 1.72651470151149, 1.72421579259994, 1.71522548640606, 1.70170351686814, 1.67258915742799, 1.61482065649475, 1.49265287147233, 1.26824616390567, 0.94747408713691, 0.64556872697453, 0.43360581101693, 0.30281189579423, 0.22375122674800, 0.17585172123649, 0.14538798335450, 0.12780178963080, 0.11521890905451, 0.11333369911402, 
11000,1.72826496905825, 1.73181367345113, 1.72651469554802, 1.72421579673784, 1.71522549276644, 1.70170351578294, 1.67258915085150, 1.61482065253743, 1.49265287397963, 1.26824616948342, 0.94747409124814, 0.64556872857520, 0.43360581099029, 0.30281189505362, 0.22375122578554, 0.17585172032606, 0.14538798267251, 0.12780178921346, 0.11521890906428, 0.11333369940190, 
11100,1.72826497362595, 1.73181366951952, 1.72651468987678, 1.72421580013762, 1.71522549860304, 1.70170351511469, 1.67258914501176, 1.61482064874283, 1.49265287594927, 1.26824617439996, 0.94747409501242, 0.64556873012844, 0.43360581106025, 0.30281189444677, 0.22375122494882, 0.17585171951059, 0.14538798204535, 0.12780178881182, 0.11521890904120, 0.11333369963484, 
11200,1.72826497856269, 1.73181366638909, 1.72651468451364, 1.72421580289959, 1.71522550394325, 1.70170351479100, 1.67258913984038, 1.61482064512811, 1.49265287746094, 1.26824617872129, 0.94747409844925, 0.64556873162371, 0.43360581120715, 0.30281189395546, 0.22375122422412, 0.17585171878204, 0.14538798147038, 0.12780178842795, 0.11521890899198, 0.11333369982056, 
11300,1.72826498373342, 1.73181366394399, 1.72651467946732, 1.72421580511258, 1.71522550881537, 1.70170351474898, 1.67258913527353, 1.61482064170463, 1.49265287858453, 1.26824618250803, 0.94747410157845, 0.64556873305322, 0.43360581141421, 0.30281189356352, 0.22375122359894, 0.17585171813287, 0.14538798094483, 0.12780178806335, 0.11521890892235, 0.11333369996591, 
11400,1.72826498902634, 1.73181366208210, 1.72651467474074, 1.72421580685505, 1.71522551324804, 1.70170351493425, 1.67258913125192, 1.61482063847891, 1.49265287938110, 1.26824618581566, 0.94747410441977, 0.64556873441142, 0.43360581166703, 0.30281189325663, 0.22375122306191, 0.17585171755592, 0.14538798046582, 0.12780178771893, 0.11521890883718, 0.11333370007687, 
11500,1.72826499434988, 1.73181366071368, 1.72651467033214, 1.72421580819624, 1.71522551726997, 1.70170351530010, 1.67258912772080, 1.61482063545364, 1.49265287990400, 1.26824618869500, 0.94747410699279, 0.64556873569474, 0.43360581195343, 0.30281189302213, 0.22375122260272, 0.17585171704452, 0.14538798003040, 0.12780178739517, 0.11521890874058, 0.11333370015872, 
11600,1.72826499962988, 1.73181365976020, 1.72651466623608, 1.72421580919708, 1.71522552090962, 1.70170351580668, 1.67258912462991, 1.61482063262855, 1.49265288019981, 1.26824619119255, 0.94747410931677, 0.64556873690132, 0.43360581226320, 0.30281189284893, 0.22375122221210, 0.17585171659244, 0.14538797963567, 0.12780178709218, 0.11521890863600, 0.11333370021606, 
11700,1.72826500480720, 1.73181365915310, 1.72651466244420, 1.72421580991106, 1.71522552419483, 1.70170351642017, 1.67258912193319, 1.61482063000091, 1.49265288030902, 1.26824619335068, 0.94747411141046, 0.64556873803066, 0.43360581258782, 0.30281189272730, 0.22375122188170, 0.17585171619393, 0.14538797927874, 0.12780178680980, 0.11521890852634, 0.11333370025295, 
11800,1.72826500983553, 1.73181365883273, 1.72651465894586, 1.72421581038489, 1.71522552715256, 1.70170351711192, 1.67258911958848, 1.61482062756597, 1.49265288026657, 1.26824619520789, 0.94747411329192, 0.64556873908335, 0.43360581292028, 0.30281189264879, 0.22375122160404, 0.17585171584367, 0.14538797895685, 0.12780178654764, 0.11521890841399, 0.11333370027288, 
11900,1.72826501467948, 1.73181365874737, 1.72651465572871, 1.72421581065926, 1.71522552980867, 1.70170351785783, 1.67258911755727, 1.61482062531740, 1.49265288010255, 1.26824619679895, 0.94747411497836, 0.64556874006085, 0.43360581325478, 0.30281189260600, 0.22375122137242, 0.17585171553675, 0.14538797866730, 0.12780178630512, 0.11521890830092, 0.11333370027891, 
12000,1.72826501931288, 1.73181365885235, 1.72651465277921, 1.72421581076945, 1.71522553218785, 1.70170351863777, 1.67258911580450, 1.61482062324766, 1.49265287984268, 1.26824619815527, 0.94747411648613, 0.64556874096524, 0.43360581358663, 0.30281189259253, 0.22375122118082, 0.17585171526867, 0.14538797840750, 0.12780178608153, 0.11521890818872, 0.11333370027366, 
12100,1.72826502371740, 1.73181365910928, 1.72651465008302, 1.72421581074603, 1.71522553431352, 1.70170351943513, 1.67258911429841, 1.61482062134846, 1.49265287950893, 1.26824619930518, 0.94747411783070, 0.64556874179918, 0.43360581391210, 0.30281189260283, 0.22375122102391, 0.17585171503529, 0.14538797817497, 0.12780178587604, 0.11521890807865, 0.11333370025940, 
12200,1.72826502788118, 1.73181365948528, 1.72651464762537, 1.72421581061530, 1.71522553620782, 1.70170352023630, 1.67258911301028, 1.61482061961092, 1.49265287911999, 1.26824620027413, 0.94747411902661, 0.64556874256571, 0.43360581422826, 0.30281189263215, 0.22375122089695, 0.17585171483285, 0.14538797796740, 0.12780178568776, 0.11521890797171, 0.11333370023806, 
12300,1.72826503179776, 1.73181365995236, 1.72651464539128, 1.72421581039984, 1.71522553789155, 1.70170352103030, 1.67258911191419, 1.61482061802584, 1.49265287869158, 1.26824620108497, 0.94747412008751, 0.64556874326812, 0.43360581453288, 0.30281189267641, 0.22375122079573, 0.17585171465792, 0.14538797778257, 0.12780178551575, 0.11521890786866, 0.11333370021130, 
12400,1.72826503546510, 1.73181366048681, 1.72651464336586, 1.72421581011891, 1.71522553938413, 1.70170352180835, 1.67258911098678, 1.61482061658384, 1.49265287823689, 1.26824620175808, 0.94747412102608, 0.64556874390993, 0.43360581482430, 0.30281189273213, 0.22375122071654, 0.17585171450739, 0.14538797761844, 0.12780178535904, 0.11521890777006, 0.11333370018051, 
12500,1.72826503888475, 1.73181366106866, 1.72651464153442, 1.72421580978883, 1.71522554070365, 1.70170352256359, 1.67258911020710, 1.61482061527553, 1.49265287776683, 1.26824620231166, 0.94747412185413, 0.64556874449469, 0.43360581510136, 0.30281189279637, 0.22375122065611, 0.17585171437843, 0.14538797747306, 0.12780178521667, 0.11521890767630, 0.11333370014687, 
12600,1.72826504206115, 1.73181366168124, 1.72651463988266, 1.72421580942342, 1.71522554186691, 1.70170352329078, 1.67258910955635, 1.61482061409162, 1.49265287729043, 1.26824620276187, 0.94747412258256, 0.64556874502602, 0.43360581536331, 0.30281189286665, 0.22375122061155, 0.17585171426849, 0.14538797734466, 0.12780178508767, 0.11521890758766, 0.11333370011137, 
12700,1.72826504500095, 1.73181366231071, 1.72651463839673, 1.72421580903422, 1.71522554288942, 1.70170352398607, 1.67258910901778, 1.61482061302307, 1.49265287681502, 1.26824620312309, 0.94747412322143, 0.64556874550752, 0.43360581560973, 0.30281189294089, 0.22375122058035, 0.17585171417528, 0.14538797723158, 0.12780178497108, 0.11521890750425, 0.11333370007482, 
12800,1.72826504771258, 1.73181366294572, 1.72651463706340, 1.72421580863085, 1.71522554378550, 1.70170352464677, 1.67258910857645, 1.61482061206111, 1.49265287634649, 1.26824620340800, 0.94747412378000, 0.64556874594273, 0.43360581584049, 0.30281189301738, 0.22375122056030, 0.17585171409673, 0.14538797713227, 0.12780178486598, 0.11521890742614, 0.11333370003790, 
12900,1.72826505020572, 1.73181366357707, 1.72651463587003, 1.72421580822125, 1.71522554456829, 1.70170352527115, 1.67258910821908, 1.61482061119731, 1.49265287588951, 1.26824620362783, 0.94747412426675, 0.64556874633508, 0.43360581605568, 0.30281189309468, 0.22375122054949, 0.17585171403101, 0.14538797704533, 0.12780178477149, 0.11521890735330, 0.11333370000116, 
13000,1.72826505249098, 1.73181366419739, 1.72651463480466, 1.72421580781186, 1.71522554524980, 1.70170352585829, 1.67258910793390, 1.61482061042362, 1.49265287544769, 1.26824620379241, 0.94747412468943, 0.64556874668790, 0.43360581625558, 0.30281189317166, 0.22375122054627, 0.17585171397644, 0.14538797696947, 0.12780178468674, 0.11521890728562, 0.11333369996502, 
13100,1.72826505457956, 1.73181366480086, 1.72651463385601, 1.72421580740789, 1.71522554584104, 1.70170352640790, 1.67258910771051, 1.61482060973240, 1.49265287502372, 1.26824620391040, 0.94747412505509, 0.64556874700435, 0.43360581644061, 0.30281189324739, 0.22375122054919, 0.17585171393157, 0.14538797690350, 0.12780178461093, 0.11521890722298, 0.11333369992983, 
13200,1.72826505648299, 1.73181366538305, 1.72651463301352, 1.72421580701345, 1.71522554635199, 1.70170352692027, 1.67258910753975, 1.61482060911645, 1.49265287461956, 1.26824620398936, 0.94747412537015, 0.64556874728747, 0.43360581661128, 0.30281189332115, 0.22375122055702, 0.17585171389507, 0.14538797684633, 0.12780178454329, 0.11521890716519, 0.11333369989587, 
13300,1.72826505821295, 1.73181366594064, 1.72651463226729, 1.72421580663176, 1.71522554679175, 1.70170352739608, 1.67258910741354, 1.61482060856902, 1.49265287423654, 1.26824620403587, 0.94747412564043, 0.64556874754012, 0.43360581676822, 0.30281189339237, 0.22375122056871, 0.17585171386579, 0.14538797679699, 0.12780178448309, 0.11521890711205, 0.11333369986331, 
13400,1.72826505978106, 1.73181366647128, 1.72651463160816, 1.72421580626520, 1.71522554716855, 1.70170352783635, 1.67258910732484, 1.61482060808376, 1.49265287387545, 1.26824620405566, 0.94747412587119, 0.64556874776500, 0.43360581691208, 0.30281189346063, 0.22375122058335, 0.17585171384269, 0.14538797675459, 0.12780178442965, 0.11521890706334, 0.11333369983232, 
13500,1.72826506119873, 1.73181366697341, 1.72651463102761, 1.72421580591554, 1.71522554748982, 1.70170352824236, 1.67258910726748, 1.61482060765480, 1.49265287353663, 1.26824620405368, 0.94747412606716, 0.64556874796463, 0.43360581704357, 0.30281189352565, 0.22375122060019, 0.17585171382487, 0.14538797671832, 0.12780178438235, 0.11521890701881, 0.11333369980298, 
13600,1.72826506247709, 1.73181366744617, 1.72651463051777, 1.72421580558395, 1.71522554776224, 1.70170352861559, 1.67258910723610, 1.61482060727666, 1.49265287322010, 1.26824620403419, 0.94747412623261, 0.64556874814136, 0.43360581716341, 0.30281189358721, 0.22375122061858, 0.17585171381152, 0.14538797668744, 0.12780178434059, 0.11521890697822, 0.11333369977534, 
13700,1.72826506362690, 1.73181366788921, 1.72651463007140, 1.72421580527118, 1.71522554799185, 1.70170352895762, 1.67258910722603, 1.61482060694430, 1.49265287292556, 1.26824620400084, 0.94747412637135, 0.64556874829741, 0.43360581727233, 0.30281189364520, 0.22375122063797, 0.17585171380195, 0.14538797666131, 0.12780178430383, 0.11521890694133, 0.11333369974943, 
13800,1.72826506465846, 1.73181366830264, 1.72651462968188, 1.72421580497755, 1.71522554818404, 1.70170352927016, 1.67258910723325, 1.61482060665305, 1.49265287265252, 1.26824620395677, 0.94747412648682, 0.64556874843478, 0.43360581737107, 0.30281189369957, 0.22375122065794, 0.17585171379555, 0.14538797663934, 0.12780178427156, 0.11521890690789, 0.11333369972524, 
13900,1.72826506558157, 1.73181366868693, 1.72651462934311, 1.72421580470310, 1.71522554834363, 1.70170352955495, 1.67258910725432, 1.61482060639865, 1.49265287240027, 1.26824620390462, 0.94747412658206, 0.64556874855537, 0.43360581746034, 0.30281189375034, 0.22375122067810, 0.17585171379178, 0.14538797662099, 0.12780178424334, 0.11521890687765, 0.11333369970276, 
14000,1.72826506640553, 1.73181366904284, 1.72651462904956, 1.72421580444762, 1.71522554847492, 1.70170352981374, 1.67258910728625, 1.61482060617718, 1.49265287216801, 1.26824620384663, 0.94747412665980, 0.64556874866089, 0.43360581754084, 0.30281189379754, 0.22375122069817, 0.17585171379017, 0.14538797660580, 0.12780178421872, 0.11521890685038, 0.11333369968192, 
14100,1.72826506713908, 1.73181366937132, 1.72651462879619, 1.72421580421069, 1.71522554858174, 1.70170353004828, 1.67258910732654, 1.61482060598507, 1.49265287195481, 1.26824620378469, 0.94747412672243, 0.64556874875292, 0.43360581761325, 0.30281189384128, 0.22375122071791, 0.17585171379033, 0.14538797659334, 0.12780178419733, 0.11521890682585, 0.11333369966269, 
14200,1.72826506779043, 1.73181366967352, 1.72651462857841, 1.72421580399172, 1.71522554866749, 1.70170353026028, 1.67258910737303, 1.61482060581905, 1.49265287175970, 1.26824620372036, 0.94747412677211, 0.64556874883291, 0.43360581767822, 0.30281189388167, 0.22375122073712, 0.17585171379190, 0.14538797658325, 0.12780178417881, 0.11521890680384, 0.11333369964499, 
14300,1.72826506836724, 1.73181366995068, 1.72651462839210, 1.72421580379003, 1.71522554873517, 1.70170353045142, 1.67258910742393, 1.61482060567619, 1.49265287158166, 1.26824620365492, 0.94747412681072, 0.64556874890219, 0.43360581773636, 0.30281189391884, 0.22375122075567, 0.17585171379460, 0.14538797657519, 0.12780178416283, 0.11521890678415, 0.11333369962875, 
14400,1.72826506887663, 1.73181367020412, 1.72651462823350, 1.72421580360483, 1.71522554878743, 1.70170353062331, 1.67258910747772, 1.61482060555379, 1.49265287141963, 1.26824620358943, 0.94747412683991, 0.64556874896194, 0.43360581778826, 0.30281189395294, 0.22375122077344, 0.17585171379817, 0.14538797656887, 0.12780178414911, 0.11521890676656, 0.11333369961390, 
14500,1.72826506932521, 1.73181367043522, 1.72651462809925, 1.72421580343529, 1.71522554882661, 1.70170353077750, 1.67258910753315, 1.61482060544945, 1.49265287127259, 1.26824620352475, 0.94747412686115, 0.64556874901327, 0.43360581783446, 0.30281189398413, 0.22375122079036, 0.17585171380240, 0.14538797656403, 0.12780178413739, 0.11521890675091, 0.11333369960035, 
14600,1.72826506971908, 1.73181367064536, 1.72651462798633, 1.72421580328053, 1.71522554885474, 1.70170353091545, 1.67258910758919, 1.61482060536098, 1.49265287113949, 1.26824620346153, 0.94747412687572, 0.64556874905714, 0.43360581787550, 0.30281189401258, 0.22375122080638, 0.17585171380709, 0.14538797656045, 0.12780178412742, 0.11521890673700, 0.11333369958803, 
14700,1.72826507006383, 1.73181367083594, 1.72651462789204, 1.72421580313964, 1.71522554887362, 1.70170353103857, 1.67258910764501, 1.61482060528643, 1.49265287101933, 1.26824620340031, 0.94747412688472, 0.64556874909446, 0.43360581791184, 0.30281189403846, 0.22375122082146, 0.17585171381211, 0.14538797655792, 0.12780178411899, 0.11521890672469, 0.11333369957685, 
14800,1.72826507036461, 1.73181367100832, 1.72651462781396, 1.72421580301175, 1.71522554888481, 1.70170353114815, 1.67258910769993, 1.61482060522404, 1.49265287091112, 1.26824620334147, 0.94747412688913, 0.64556874912602, 0.43360581794393, 0.30281189406194, 0.22375122083561, 0.17585171381732, 0.14538797655628, 0.12780178411191, 0.11521890671381, 0.11333369956674, 
14900,1.72826507062613, 1.73181367116384, 1.72651462774993, 1.72421580289595, 1.71522554888966, 1.70170353124545, 1.67258910775343, 1.61482060517224, 1.49265287081392, 1.26824620328532, 0.94747412688978, 0.64556874915253, 0.43360581797219, 0.30281189408318, 0.22375122084881, 0.17585171382263, 0.14538797655537, 0.12780178410601, 0.11521890670424, 0.11333369955762, 
15000,1.72826507085269, 1.73181367130378, 1.72651462769804, 1.72421580279138, 1.71522554888935, 1.70170353133159, 1.67258910780509, 1.61482060512963, 1.49265287072683, 1.26824620323204, 0.94747412688739, 0.64556874917464, 0.43360581799701, 0.30281189410235, 0.22375122086108, 0.17585171382793, 0.14538797655507, 0.12780178410113, 0.11521890669582, 0.11333369954941, 
15100,1.72826507104819, 1.73181367142939, 1.72651462765659, 1.72421580269719, 1.71522554888489, 1.70170353140765, 1.67258910785461, 1.61482060509498, 1.49265287064901, 1.26824620318176, 0.94747412688259, 0.64556874919292, 0.43360581801873, 0.30281189411961, 0.22375122087245, 0.17585171383317, 0.14538797655525, 0.12780178409714, 0.11521890668846, 0.11333369954203, 
15200,1.72826507121617, 1.73181367154186, 1.72651462762407, 1.72421580261256, 1.71522554887713, 1.70170353147462, 1.67258910790179, 1.61482060506717, 1.49265287057965, 1.26824620313454, 0.94747412687591, 0.64556874920789, 0.43360581803768, 0.30281189413510, 0.22375122088295, 0.17585171383830, 0.14538797655582, 0.12780178409391, 0.11521890668204, 0.11333369953543, 
15300,1.72826507135983, 1.73181367164228, 1.72651462759917, 1.72421580253671, 1.71522554886682, 1.70170353153341, 1.67258910794646, 1.61482060504524, 1.49265287051798, 1.26824620309039, 0.94747412686780, 0.64556874922000, 0.43360581805417, 0.30281189414898, 0.22375122089261, 0.17585171384326, 0.14538797655670, 0.12780178409134, 0.11521890667645, 0.11333369952953, 
15400,1.72826507148208, 1.73181367173174, 1.72651462758071, 1.72421580246891, 1.71522554885459, 1.70170353158486, 1.67258910798854, 1.61482060502831, 1.49265287046330, 1.26824620304927, 0.94747412685864, 0.64556874922964, 0.43360581806845, 0.30281189416138, 0.22375122090147, 0.17585171384803, 0.14538797655781, 0.12780178408934, 0.11521890667161, 0.11333369952428, 
15500,1.72826507158552, 1.73181367181121, 1.72651462756769, 1.72421580240846, 1.71522554884097, 1.70170353162974, 1.67258910802800, 1.61482060501563, 1.49265287041496, 1.26824620301113, 0.94747412684876, 0.64556874923718, 0.43360581808077, 0.30281189417242, 0.22375122090958, 0.17585171385258, 0.14538797655911, 0.12780178408781, 0.11521890666743, 0.11333369951961, 
15600,1.72826507167248, 1.73181367188162, 1.72651462755921, 1.72421580235470, 1.71522554882640, 1.70170353166875, 1.67258910806485, 1.61482060500654, 1.49265287037232, 1.26824620297587, 0.94747412683842, 0.64556874924293, 0.43360581809136, 0.30281189418223, 0.22375122091697, 0.17585171385689, 0.14538797656052, 0.12780178408669, 0.11521890666384, 0.11333369951547, 
15700,1.72826507174505, 1.73181367194383, 1.72651462755449, 1.72421580230702, 1.71522554881126, 1.70170353170253, 1.67258910809911, 1.61482060500045, 1.49265287033484, 1.26824620294338, 0.94747412682784, 0.64556874924716, 0.43360581810042, 0.30281189419093, 0.22375122092369, 0.17585171386097, 0.14538797656202, 0.12780178408590, 0.11521890666077, 0.11333369951182, 
15800,1.72826507180511, 1.73181367199865, 1.72651462755286, 1.72421580226485, 1.71522554879585, 1.70170353173168, 1.67258910813086, 1.61482060499686, 1.49265287030198, 1.26824620291354, 0.94747412681721, 0.64556874925012, 0.43360581810813, 0.30281189419862, 0.22375122092979, 0.17585171386480, 0.14538797656357, 0.12780178408541, 0.11521890665815, 0.11333369950860, 
15900,1.72826507185433, 1.73181367204681, 1.72651462755375, 1.72421580222765, 1.71522554878042, 1.70170353175672, 1.67258910816018, 1.61482060499532, 1.49265287027327, 1.26824620288621, 0.94747412680666, 0.64556874925201, 0.43360581811465, 0.30281189420540, 0.22375122093531, 0.17585171386837, 0.14538797656514, 0.12780178408514, 0.11521890665594, 0.11333369950576, 
16000,1.72826507189419, 1.73181367208899, 1.72651462755664, 1.72421580219493, 1.71522554876517, 1.70170353177813, 1.67258910818715, 1.61482060499545, 1.49265287024826, 1.26824620286126, 0.94747412679633, 0.64556874925302, 0.43360581812013, 0.30281189421135, 0.22375122094029, 0.17585171387171, 0.14538797656670, 0.12780178408507, 0.11521890665408, 0.11333369950328, 
16100,1.72826507192599, 1.73181367212581, 1.72651462756112, 1.72421580216624, 1.71522554875026, 1.70170353179634, 1.67258910821191, 1.61482060499694, 1.49265287022656, 1.26824620283854, 0.94747412678630, 0.64556874925331, 0.43360581812471, 0.30281189421657, 0.22375122094477, 0.17585171387480, 0.14538797656823, 0.12780178408516, 0.11521890665253, 0.11333369950112, 
16200,1.72826507195090, 1.73181367215785, 1.72651462756682, 1.72421580214116, 1.71522554873582, 1.70170353181173, 1.67258910823456, 1.61482060499949, 1.49265287020780, 1.26824620281791, 0.94747412677663, 0.64556874925301, 0.43360581812850, 0.30281189422113, 0.22375122094879, 0.17585171387765, 0.14538797656973, 0.12780178408537, 0.11521890665124, 0.11333369949923, 
16300,1.72826507196995, 1.73181367218562, 1.72651462757343, 1.72421580211931, 1.71522554872194, 1.70170353182467, 1.67258910825521, 1.61482060500287, 1.49265287019164, 1.26824620279923, 0.94747412676740, 0.64556874925224, 0.43360581813161, 0.30281189422509, 0.22375122095239, 0.17585171388029, 0.14538797657118, 0.12780178408568, 0.11521890665019, 0.11333369949760, 
16400,1.72826507198402, 1.73181367220961, 1.72651462758068, 1.72421580210034, 1.71522554870869, 1.70170353183548, 1.67258910827401, 1.61482060500687, 1.49265287017780, 1.26824620278236, 0.94747412675861, 0.64556874925110, 0.43360581813412, 0.30281189422853, 0.22375122095561, 0.17585171388271, 0.14538797657256, 0.12780178408607, 0.11521890664933, 0.11333369949618, 
16500,1.72826507199391, 1.73181367223023, 1.72651462758835, 1.72421580208394, 1.71522554869612, 1.70170353184441, 1.67258910829105, 1.61482060501132, 1.49265287016599, 1.26824620276715, 0.94747412675031, 0.64556874924969, 0.43360581813613, 0.30281189423151, 0.22375122095848, 0.17585171388492, 0.14538797657388, 0.12780178408650, 0.11521890664865, 0.11333369949497, 
16600,1.72826507200030, 1.73181367224788, 1.72651462759627, 1.72421580206980, 1.71522554868425, 1.70170353185172, 1.67258910830648, 1.61482060501608, 1.49265287015597, 1.26824620275349, 0.94747412674251, 0.64556874924807, 0.43360581813771, 0.30281189423406, 0.22375122096102, 0.17585171388694, 0.14538797657514, 0.12780178408698, 0.11521890664812, 0.11333369949393, 
16700,1.72826507200380, 1.73181367226293, 1.72651462760429, 1.72421580205769, 1.71522554867310, 1.70170353185763, 1.67258910832040, 1.61482060502102, 1.49265287014752, 1.26824620274124, 0.94747412673520, 0.64556874924630, 0.43360581813891, 0.30281189423625, 0.22375122096328, 0.17585171388878, 0.14538797657632, 0.12780178408749, 0.11521890664771, 0.11333369949304, 
16800,1.72826507200492, 1.73181367227566, 1.72651462761229, 1.72421580204734, 1.71522554866267, 1.70170353186235, 1.67258910833293, 1.61482060502605, 1.49265287014045, 1.26824620273029, 0.94747412672839, 0.64556874924443, 0.43360581813980, 0.30281189423812, 0.22375122096527, 0.17585171389046, 0.14538797657742, 0.12780178408800, 0.11521890664740, 0.11333369949229, 
16900,1.72826507200411, 1.73181367228639, 1.72651462762016, 1.72421580203856, 1.71522554865296, 1.70170353186604, 1.67258910834419, 1.61482060503108, 1.49265287013456, 1.26824620272052, 0.94747412672206, 0.64556874924251, 0.43360581814043, 0.30281189423970, 0.22375122096703, 0.17585171389197, 0.14538797657846, 0.12780178408852, 0.11521890664719, 0.11333369949166, 
17000,1.72826507200176, 1.73181367229535, 1.72651462762783, 1.72421580203115, 1.71522554864395, 1.70170353186885, 1.67258910835426, 1.61482060503605, 1.49265287012973, 1.26824620271184, 0.94747412671620, 0.64556874924057, 0.43360581814083, 0.30281189424104, 0.22375122096858, 0.17585171389334, 0.14538797657942, 0.12780178408904, 0.11521890664705, 0.11333369949113, 
17100,1.72826507199819, 1.73181367230278, 1.72651462763524, 1.72421580202493, 1.71522554863562, 1.70170353187092, 1.67258910836326, 1.61482060504091, 1.49265287012578, 1.26824620270413, 0.94747412671080, 0.64556874923864, 0.43360581814106, 0.30281189424215, 0.22375122096993, 0.17585171389457, 0.14538797658031, 0.12780178408955, 0.11521890664697, 0.11333369949069, 
17200,1.72826507199369, 1.73181367230888, 1.72651462764236, 1.72421580201977, 1.71522554862794, 1.70170353187237, 1.67258910837128, 1.61482060504561, 1.49265287012261, 1.26824620269731, 0.94747412670584, 0.64556874923675, 0.43360581814113, 0.30281189424308, 0.22375122097111, 0.17585171389568, 0.14538797658113, 0.12780178409005, 0.11521890664695, 0.11333369949033, 
17300,1.72826507198850, 1.73181367231383, 1.72651462764913, 1.72421580201551, 1.71522554862090, 1.70170353187331, 1.67258910837840, 1.61482060505013, 1.49265287012010, 1.26824620269129, 0.94747412670128, 0.64556874923490, 0.43360581814108, 0.30281189424384, 0.22375122097214, 0.17585171389667, 0.14538797658189, 0.12780178409053, 0.11521890664696, 0.11333369949003, 
17400,1.72826507198282, 1.73181367231779, 1.72651462765555, 1.72421580201204, 1.71522554861444, 1.70170353187381, 1.67258910838472, 1.61482060505444, 1.49265287011816, 1.26824620268600, 0.94747412669713, 0.64556874923312, 0.43360581814093, 0.30281189424445, 0.22375122097303, 0.17585171389756, 0.14538797658258, 0.12780178409098, 0.11521890664701, 0.11333369948980, 
17500,1.72826507197683, 1.73181367232091, 1.72651462766160, 1.72421580200925, 1.71522554860855, 1.70170353187396, 1.67258910839031, 1.61482060505854, 1.49265287011670, 1.26824620268136, 0.94747412669334, 0.64556874923142, 0.43360581814071, 0.30281189424495, 0.22375122097380, 0.17585171389835, 0.14538797658322, 0.12780178409142, 0.11521890664709, 0.11333369948961, 
17600,1.72826507197064, 1.73181367232331, 1.72651462766727, 1.72421580200703, 1.71522554860318, 1.70170353187382, 1.67258910839523, 1.61482060506240, 1.49265287011565, 1.26824620267730, 0.94747412668989, 0.64556874922980, 0.43360581814043, 0.30281189424534, 0.22375122097447, 0.17585171389905, 0.14538797658380, 0.12780178409183, 0.11521890664718, 0.11333369948947, 
17700,1.72826507196438, 1.73181367232509, 1.72651462767257, 1.72421580200531, 1.71522554859830, 1.70170353187345, 1.67258910839956, 1.61482060506604, 1.49265287011494, 1.26824620267376, 0.94747412668677, 0.64556874922826, 0.43360581814010, 0.30281189424564, 0.22375122097503, 0.17585171389968, 0.14538797658432, 0.12780178409222, 0.11521890664729, 0.11333369948936, 
17800,1.72826507195815, 1.73181367232636, 1.72651462767750, 1.72421580200401, 1.71522554859388, 1.70170353187291, 1.67258910840335, 1.61482060506943, 1.49265287011452, 1.26824620267069, 0.94747412668395, 0.64556874922681, 0.43360581813975, 0.30281189424587, 0.22375122097552, 0.17585171390023, 0.14538797658480, 0.12780178409258, 0.11521890664741, 0.11333369948929, 
17900,1.72826507195203, 1.73181367232719, 1.72651462768206, 1.72421580200307, 1.71522554858989, 1.70170353187222, 1.67258910840666, 1.61482060507259, 1.49265287011433, 1.26824620266804, 0.94747412668141, 0.64556874922546, 0.43360581813937, 0.30281189424603, 0.22375122097593, 0.17585171390072, 0.14538797658524, 0.12780178409292, 0.11521890664754, 0.11333369948924, 
18000,1.72826507194606, 1.73181367232767, 1.72651462768628, 1.72421580200243, 1.71522554858630, 1.70170353187143, 1.67258910840954, 1.61482060507552, 1.49265287011432, 1.26824620266574, 0.94747412667912, 0.64556874922420, 0.43360581813899, 0.30281189424614, 0.22375122097627, 0.17585171390115, 0.14538797658563, 0.12780178409324, 0.11521890664767, 0.11333369948921, 
18100,1.72826507194030, 1.73181367232785, 1.72651462769016, 1.72421580200203, 1.71522554858307, 1.70170353187058, 1.67258910841204, 1.61482060507823, 1.49265287011447, 1.26824620266378, 0.94747412667707, 0.64556874922302, 0.43360581813859, 0.30281189424620, 0.22375122097656, 0.17585171390152, 0.14538797658598, 0.12780178409353, 0.11521890664780, 0.11333369948920, 
18200,1.72826507193477, 1.73181367232780, 1.72651462769373, 1.72421580200185, 1.71522554858017, 1.70170353186967, 1.67258910841420, 1.61482060508073, 1.49265287011474, 1.26824620266210, 0.94747412667523, 0.64556874922193, 0.43360581813820, 0.30281189424623, 0.22375122097680, 0.17585171390185, 0.14538797658630, 0.12780178409380, 0.11521890664794, 0.11333369948920, 
18300,1.72826507192951, 1.73181367232755, 1.72651462769699, 1.72421580200183, 1.71522554857758, 1.70170353186874, 1.67258910841606, 1.61482060508302, 1.49265287011511, 1.26824620266067, 0.94747412667359, 0.64556874922092, 0.43360581813781, 0.30281189424622, 0.22375122097700, 0.17585171390214, 0.14538797658658, 0.12780178409405, 0.11521890664807, 0.11333369948921, 
18400,1.72826507192453, 1.73181367232715, 1.72651462769997, 1.72421580200195, 1.71522554857527, 1.70170353186780, 1.67258910841765, 1.61482060508512, 1.49265287011554, 1.26824620265947, 0.94747412667213, 0.64556874921999, 0.43360581813744, 0.30281189424619, 0.22375122097716, 0.17585171390239, 0.14538797658683, 0.12780178409428, 0.11521890664819, 0.11333369948923, 
18455,1.72826507181831, 1.73181367229099, 1.72651462774447, 1.72421580202695, 1.71522554854993, 1.70170353183790, 1.67258910842345, 1.61482060511790, 1.49265287014012, 1.26824620265831, 0.94747412665662, 0.64556874920479, 0.43360581812768, 0.30281189424154, 0.22375122097613, 0.17585171390392, 0.14538797658968, 0.12780178409789, 0.11521890665150, 0.11333369949135, 
