0,71.05623413757642, 114.76989748964995, 157.93896249624740, 200.37326213117396, 241.89916063621206, 282.36258221457132, 321.63111244923971, 359.59515504432773, 396.16819284245463, 431.28625467331358, 464.90672511535348, 497.00665221818400, 527.58071043883990, 556.63896576686773, 584.20457116097464, 610.31149683240676, 635.00237487445213, 658.32651374340833, 680.33811678703523, 701.09472127247466, 
100,151.46079916724830, 160.84168399064882, 166.13595166261879, 154.93385895977926, 138.61852840325244, 130.53653693196742, 145.71828288767509, 193.53663763906758, 280.58056312134926, 409.89739133016104, 554.53226128716256, 678.87634018461790, 769.68962724232938, 827.10093607963393, 848.90137612535125, 826.44343852257293, 766.66386295349378, 697.47240310188522, 625.46335038992368, 587.89735857285223, 
200,92.38287947962856, 83.37261784205459, 79.73694040943050, 79.72678668689230, 85.83067177788249, 109.11231537145399, 153.09023613595917, 216.57072476569715, 303.24586209999234, 416.84149631647517, 539.52422120617996, 644.43366298056594, 722.97012001315943, 779.01655966245210, 819.70312636597635, 852.13377595425345, 866.55343452617490, 893.14695247994496, 971.35829453966915, 926.14902186700022, 
300,10.00000000000000, 10.00000000000000, 21.23631936885720, 31.84691421350014, 51.72587528587570, 83.01058343372154, 127.31406687031031, 188.97595943556013, 275.49496750721147, 394.77107701806926, 528.32755220460240, 645.49357932091277, 735.59697861467657, 802.17042758667253, 850.42712120179442, 885.56351180110016, 909.46641364178402, 928.55408999652525, 937.58731692205856, 932.39734367376320, 
400,16.43172408416349, 20.17182068216432, 28.68437923827486, 38.74144808824057, 55.07824603219932, 74.88643459123209, 107.66124230213900, 158.03501187944471, 238.57665001548301, 357.13182440344070, 492.59185332687508, 611.76888179743958, 703.43250994321886, 770.74952456162043, 818.87960624348079, 854.33582286675096, 878.56481544904921, 896.17081600459960, 907.30826115376681, 909.84000476095332, 
500,55.17016822693679, 59.47388542301113, 67.11053059520158, 73.74686275771479, 84.31455751283674, 101.90085284884590, 132.71790966770402, 183.09234632499715, 263.39174504298467, 377.20264090921017, 503.56856687381855, 612.14307943402912, 692.86154931110639, 749.27631206267154, 787.20955119216524, 813.68135013134588, 830.76962269401622, 843.61277812600724, 852.25340920310555, 855.55238608725244, 
600,79.50279471059764, 80.72484516260944, 88.42581547003566, 95.96710064071075, 106.62513575316389, 124.96816510208735, 157.20886213470962, 209.03239009970912, 288.90831759546080, 401.17386453024625, 525.23365880014433, 631.74472845894741, 710.92326713194586, 766.31176537343708, 803.83457011839630, 829.92358201360355, 846.94648744889287, 858.50227653730008, 865.76966939346482, 865.09075067314529, 
700,72.70828042105366, 71.59403483083985, 78.40423832011473, 86.23201734612734, 97.79969671798702, 117.00213125574548, 150.33605970912089, 204.28451839027693, 287.48386605004629, 404.64438004616329, 534.29196161838570, 646.07813308872176, 729.99676162122944, 789.54975434348228, 830.63573892288389, 859.58675300818061, 878.70558494272973, 891.40133164851579, 899.21866548383400, 897.97073397755094, 
800,53.64243368690111, 53.07726647030140, 60.64539508369801, 69.18592536751123, 82.34319911014187, 103.22967201514045, 138.00509561762581, 192.97221787655585, 277.10420838487136, 395.55412836782108, 526.93751027288658, 640.49407601384837, 726.10720121969212, 787.35838367608960, 830.14607658604280, 860.97620598393826, 882.00546513228596, 897.03366376970257, 907.23197308949693, 909.01910017760667, 
900,46.62668172314915, 47.02693937166762, 54.77032169365167, 63.34310408809446, 76.84603236843249, 97.70365473338410, 132.17402918531727, 186.28116211605860, 269.38028667114008, 386.84186146242860, 517.56587992154186, 630.73828033886707, 716.14918205336596, 777.36078929176836, 820.14978289852695, 851.08161008532795, 872.15857417884342, 887.43942953482758, 897.80358491857373, 900.13270805329046, 
1000,54.25341244336789, 54.99266526194348, 62.22233931470414, 70.35155907848517, 83.21965804593897, 103.16275838617969, 136.34022775963902, 188.84873408608965, 270.27005446654942, 385.85361711217047, 514.69647737504533, 626.21152496630157, 710.18901565700287, 770.12634915733429, 811.74428625490214, 841.59098851151521, 861.66624849215339, 876.08223872586893, 885.67290331508377, 887.48447154305802, 
1100,62.63682555734549, 63.02271142187465, 70.01630074905462, 78.14506905937772, 90.78659494813215, 110.47900057584857, 143.21711935719969, 195.39411009752496, 276.53702192602003, 391.72944333999902, 519.90612404292426, 630.62711987733701, 713.73834771998031, 772.70478762736104, 813.29934940798250, 842.02636565505145, 861.01924840828610, 874.28778685431257, 882.80980877310321, 883.55036735898045, 
1200,63.45920291353052, 63.34159865021862, 70.09070139079233, 78.27365300317317, 91.08078396778795, 110.96718837916059, 143.96952812637480, 196.73228497822333, 278.74322149146957, 395.07440779168479, 524.33298940183568, 635.91834649147540, 719.68243356811422, 779.10467461914084, 820.02897838119111, 848.93631883481271, 868.06733973958637, 881.30546332543065, 889.79646778010942, 890.25400223830161, 
1300,58.92130136897874, 58.74969426401311, 65.54887337936269, 73.89108318152917, 87.11559589238348, 107.42629556794034, 140.83760940170862, 194.05819306477548, 276.64910924087366, 393.74840142159729, 523.86034756402307, 636.22929632348576, 720.68804566172776, 780.75429868653964, 822.29794060639676, 851.83486052844125, 871.60595659491037, 885.50859764807581, 894.67219211728820, 895.79583314806553, 
1400,55.75344328975235, 55.80693674749449, 62.67164908678397, 71.07102681350645, 84.51372964779149, 104.95394570404831, 138.41210047197222, 191.55482956834805, 274.05220419837661, 391.09691990960977, 521.24674218509335, 633.70350223947048, 718.27818970792805, 778.50263959098254, 820.22483473710383, 849.99344353613321, 870.00359438111957, 884.22241502880013, 893.69412482062864, 895.23415943538998, 
1500,56.64598394244633, 56.86232929337558, 63.61072154053178, 71.92930098623060, 85.31436300476189, 105.59726160480474, 138.77003285589859, 191.50213655027963, 273.55670643935753, 390.11567743139176, 519.80206888447481, 631.86334554663722, 716.10475543796417, 776.04681187177277, 817.51591978772331, 847.06716917971630, 866.87941366675500, 880.95290478326137, 890.29672151631848, 891.79726929998310, 
1600,59.05153828366053, 59.26761656257710, 65.85610482932687, 74.10622627709068, 87.42223789050433, 107.59997917120212, 140.55771487445620, 193.04597589255889, 274.86995693461938, 391.18267923391517, 520.58409186987103, 632.35754648663442, 716.31328263177977, 775.95681900866236, 817.11845203972189, 846.34353181306835, 865.83964327678677, 879.59107488109430, 888.63666756462385, 889.85756775783477, 
1700,59.98776583475775, 60.12990883086482, 66.59782476319819, 74.82932746930014, 88.18893479098358, 108.41692305053277, 141.37802286187434, 193.91341281964421, 275.85356286909257, 392.35446879542621, 521.92765108565879, 633.82163744044283, 717.84518342845752, 777.49981381191515, 818.63384405845329, 847.78458873631746, 867.19807870589977, 880.82771967960457, 889.76116557735429, 890.83133724977984, 
1800,59.12608980781730, 59.25810359337698, 65.68520806242520, 73.93614023677171, 87.41908798040446, 107.77451129585755, 140.83637127105666, 193.49356627496289, 275.61507376538020, 392.38347600361902, 522.24841112650392, 634.39904192715699, 718.63533844369931, 778.46506221708353, 819.74844169715016, 849.02785025227354, 868.56469591898542, 882.30724076594595, 891.35583459423219, 892.52948442144327, 
1900,58.05275463019255, 58.25684121464494, 64.67377519157183, 72.93499250734750, 86.51535546471210, 106.94810674169896, 140.04918610072150, 192.71590541257962, 274.86539766303400, 391.70389506014845, 521.67219564444065, 633.92732672375007, 718.26020911590012, 778.18393933303025, 819.55786224120743, 848.93459019940804, 868.57086146595668, 882.43188728820712, 891.60002558505437, 892.92213555777903, 
2000,57.92786226185519, 58.21619563731475, 64.59081783779733, 72.82711798636690, 86.43171455705973, 106.86055841979217, 139.90509722396527, 192.46758887342816, 274.50995719448758, 391.24651235759376, 521.13017999359022, 633.31775435272414, 717.59510374713511, 777.47385157523865, 818.80786832837703, 848.15485764694336, 867.76725375612352, 881.62443371508641, 890.79409249646096, 892.15197800671388, 
2100,58.48711773557307, 58.82408511294519, 65.12991619344467, 73.32800621673189, 86.92756197184207, 107.33798403841432, 140.31188078507145, 192.77296724882041, 274.71615391710179, 391.35745455639233, 521.14699935034048, 633.24681535561842, 717.44046437263171, 777.23426025503193, 818.48084047729049, 847.73671723642963, 867.26112241384942, 881.03398483574438, 890.12682241486550, 891.42372811807843, 
2200,58.88989888443832, 59.24701987382588, 65.49035998773245, 73.66074055945056, 87.27491381577831, 107.70287189508808, 140.65714662905802, 193.09030604300403, 275.02205782318345, 391.67646542840180, 521.48070902404686, 633.58644182151181, 717.77405771786027, 777.54593361833076, 818.75827179473401, 847.96492007451491, 867.43775346386201, 881.15024846186873, 890.18730777978544, 891.42698233562476, 
2300,58.79079667477556, 59.17197660514091, 65.37720353542881, 73.53433233746370, 87.18781472354814, 107.66130173820073, 140.63632061729990, 193.08591318364665, 275.05371837431477, 391.77873453041900, 521.66454406715900, 633.84139084126400, 718.08469747835227, 777.89604603500402, 819.13536582569338, 848.35654509848575, 867.84024539993709, 881.55758883179180, 890.60085765642236, 891.84583997988966, 
2400,58.48183640113116, 58.90593923995888, 65.08909612900267, 73.23625678073770, 86.92905542377360, 107.44229316062038, 140.43464703769038, 192.88738712564947, 274.86905156693950, 391.63342220124025, 521.57372025885229, 633.80287394423340, 718.09116378240969, 777.94047947616275, 819.21153691245911, 848.46056781737002, 867.97064354602219, 881.71713026197017, 890.79003449288496, 892.07364456037840, 
2500,58.34553217456942, 58.82038877472657, 64.97962135290571, 73.10986331592740, 86.82348201809023, 107.35430643631693, 140.33956402792654, 192.76368403587873, 274.71863036242752, 391.46849950117820, 521.40604841158927, 633.63685570315033, 717.92724964488207, 777.77820701673750, 819.04915079069383, 848.29816720439806, 867.80863535356264, 881.56141924501367, 890.64200266362229, 891.94648923726425, 
2600,58.43658238979139, 58.95480659933347, 65.08323138897723, 73.19102058092581, 86.91164447194254, 107.44908303181964, 140.41631747695118, 192.80288964696533, 274.72033137328867, 391.44020075973913, 521.35451451171957, 633.56612045575207, 717.83843578089989, 777.67013236316768, 818.91963581741584, 848.14506936790247, 867.63209481853835, 881.36391012162187, 890.42555079794420, 891.72044337252123, 
2700,58.56040170464065, 59.11155524486252, 65.20946183855048, 73.29620517491395, 87.02400667721636, 107.57325472596867, 140.53186589533158, 192.89671470440734, 274.79523475520125, 391.50710140909126, 521.41873084644976, 633.62791561886149, 717.89528645118753, 777.71709502896363, 818.95201230800012, 848.15721929302504, 867.62263592780869, 881.33108418256700, 890.37075745564471, 891.64748097541860, 
2800,58.56846421076216, 59.14898005434959, 65.22351884739589, 73.29405624079980, 87.03497779358518, 107.60408249567230, 140.56710936503188, 192.92687163409758, 274.82481668148858, 391.55033652050253, 521.48254845615588, 633.71084900604558, 717.99277172950724, 777.82294758471915, 819.06074758356499, 848.26277919226141, 867.72281783554968, 881.42349310329223, 890.45572191777671, 891.72712400589296, 
2900,58.48761856289656, 59.09980537304357, 65.15785648662498, 73.21515961194179, 86.97071601714038, 107.56005171218833, 140.53056896676568, 192.88758078567523, 274.78573014230847, 391.52413468013037, 521.47737979643261, 633.72663983421069, 718.02634559671765, 777.87012217617485, 819.11749323155925, 848.32521432355406, 867.78914029006171, 881.49336552522379, 890.52895842139480, 891.80763351026394, 
3000,58.42258173758147, 59.06807163125985, 65.11187637352647, 73.15566311308947, 86.92144306758398, 107.52511932473520, 140.49791810743727, 192.84529358896768, 274.73404526261993, 391.47154439175063, 521.43127011181923, 633.68895456770201, 717.99633791919723, 777.84599881386350, 819.09694440827980, 848.30621262585498, 867.77059515513747, 881.47643092903297, 890.51356146712044, 891.79917271687157, 
3100,58.42020400124449, 59.09671573496839, 65.12569659511084, 73.15489357254226, 86.92580817535543, 107.53886573621637, 140.50956747572459, 192.84318589091268, 274.71704327606415, 391.44537248578126, 521.40164141527487, 633.65833468197616, 717.96496498441411, 777.81274138656340, 819.06001806365259, 848.26370516432610, 867.72161295114313, 881.42171953115144, 890.45324668155035, 891.73800116542043, 
3200,58.44628179510265, 59.14957941344382, 65.16404058234133, 73.17907039732823, 86.95337197225223, 107.57521945644416, 140.54476296909368, 192.86751994212815, 274.72961960003187, 391.45170258703496, 521.40641482218712, 633.66322012154706, 717.96963680020906, 777.81540258653467, 819.05848722813960, 848.25529805617282, 867.70513730212690, 881.39671714022256, 890.41973873182246, 891.69902518859158, 
3300,58.45255112428369, 59.17954906838057, 65.18177345804889, 73.18441897604600, 86.96292558240543, 107.59507014392000, 140.56694710171851, 192.88414363090592, 274.74033050966926, 391.46261045100124, 521.42213822657527, 633.68469210056821, 717.99585164044458, 777.84408682506660, 819.08719310008917, 848.28105801622610, 867.72648815689547, 881.41266853967488, 890.43000929086168, 891.70561635993897, 
3400,58.43050628812180, 59.18001355068944, 65.17276911465055, 73.16473763673554, 86.94798507653471, 107.59067230499356, 140.56665097058018, 192.88073033815300, 274.73330024751255, 391.45772700465591, 521.42414334257455, 633.69457054904615, 718.01272836543376, 777.86607787379955, 819.11218743014945, 848.30661583617393, 867.75120623739849, 881.43592363701180, 890.45131251023452, 891.72701552556850, 
3500,58.40381405737863, 59.17514365243520, 65.16013716023990, 73.14224964193356, 86.92921386334875, 107.58076078379538, 140.55999400035819, 192.87015153932975, 274.71763117211935, 391.44142992474525, 521.41165663767242, 633.68734311130015, 718.01053612857481, 777.86779783698569, 819.11630208155316, 848.31138934855437, 867.75548361473204, 881.43959383242725, 890.45387499765695, 891.73084001050063, 
3600,58.39173874835083, 59.18344290485901, 65.16130181779207, 73.13386076024887, 86.92287104544042, 107.58126272825267, 140.56230353234477, 192.86738315845110, 274.70810578654607, 391.42838088791473, 521.39887819021340, 633.67651402329784, 718.00188710627515, 777.86064643988266, 819.10949733077007, 848.30350652547918, 867.74553674218089, 881.42754388902392, 890.43928789218262, 891.71595981230621, 
3700,58.39174110246574, 59.20169125851310, 65.17289221338872, 73.13638720014779, 86.92642624746938, 107.59066711890023, 140.57321640421037, 192.87369164160353, 274.70807721719893, 391.42470770527251, 521.39478625894344, 633.67351278830904, 718.00020961869154, 777.85961011467145, 819.10800630307097, 848.30008990070610, 867.73921993732017, 881.41801695030654, 890.42612679205308, 891.70088319239960, 
3800,58.39083824605395, 59.21703098006824, 65.18247315297732, 73.13777756925994, 86.92870042066991, 107.59866439645715, 140.58342218210109, 192.88086700813636, 274.71066492887604, 391.42529944450882, 521.39631273687087, 633.67720220819467, 718.00611999853515, 777.86695987084317, 819.11568259340572, 848.30657954942046, 867.74351430992260, 881.41959751734998, 890.42451198583535, 891.69731982026713, 
3900,58.38275986763734, 59.22375888565178, 65.18456864108647, 73.13263547404335, 86.92451557867554, 107.60005113648978, 140.58759677965244, 192.88319844243887, 274.70967635414468, 391.42339788927285, 521.39627549980946, 633.68013733210671, 718.01205383582794, 777.87519282445078, 819.12520903936399, 848.31604534441510, 867.75194559193073, 881.42651494015354, 890.42938130904849, 891.70121223614944, 
4000,58.37146520552377, 59.22618876033143, 65.18327335812531, 73.12483300164273, 86.91742874032748, 107.59791019237127, 140.58813008680829, 192.88212320701311, 274.70543412645475, 391.41795387996359, 521.39219882113196, 633.67857242021989, 718.01317031160704, 777.87852081903497, 819.12995086862281, 848.32111067962012, 867.75646406477938, 881.43016175779655, 890.43162184971675, 891.70311040105207, 
4100,58.36304193068812, 59.23037213057395, 65.18427892964662, 73.11983836475113, 86.91265242347342, 107.59723992297215, 140.58965685992777, 192.88187594619785, 274.70175703454657, 391.41231562102047, 521.38686633575253, 633.67472083213067, 718.01111859738421, 777.87799282975675, 819.13032843097801, 848.32149749732207, 867.75609267697769, 881.42878640328809, 890.42874290181487, 891.69972924142496, 
4200,58.35876009531116, 59.23743497812233, 65.18854273193423, 73.11856600086459, 86.91119097210324, 107.59924992473546, 140.59356538558677, 192.88411873923758, 274.70068797328298, 391.40907129423732, 521.38340989385608, 633.67215932438990, 718.00980847739959, 777.87772719925727, 819.13057806281802, 848.32144395547300, 867.75502856237108, 881.42643338035680, 890.42463177457739, 891.69468448867929, 
4300,58.35573474710683, 59.24451490635367, 65.19324028855692, 73.11825751930819, 86.91054019436568, 107.60173377241222, 140.59796024106839, 192.88731057639694, 274.70113045548436, 391.40773989652405, 521.38203974580301, 633.67173236737733, 718.01063807493426, 777.87960910317577, 819.13302221001686, 848.32367042063709, 867.75636266022627, 881.42654401483708, 890.42306069811593, 891.69206060516206, 
4400,58.35145769642089, 59.24928834152830, 65.19610373928813, 73.11666981907545, 86.90859708015311, 107.60268856646984, 140.60090947462172, 192.88952647597617, 274.70116985571093, 391.40645707569689, 521.38100766180003, 633.67183217125694, 718.01214999838010, 777.88235388825080, 819.13656187227775, 848.32729876451890, 867.75944465988312, 881.42875152736462, 890.42394098747684, 891.69211930378185, 
4500,58.34611810414502, 59.25212399413080, 65.19745282919544, 73.11405894630985, 86.90558556922004, 107.60226180740894, 140.60241239695301, 192.89052184694776, 274.70027577676365, 391.40435995869223, 521.37913091932853, 633.67100530427433, 718.01266712568213, 777.88410343399005, 819.13918528410409, 848.33019852881273, 867.76204340784614, 881.43077035252190, 890.42494362992670, 891.69255637662911, 
4600,58.34129605553297, 59.25467831235273, 65.19882846906883, 73.11187522706634, 86.90288329216486, 107.60176339822708, 140.60364495581555, 192.89128975593113, 274.69923817262310, 391.40201115274544, 521.37673036396438, 633.66934727453679, 718.01207630214651, 777.88453926025318, 819.14036839534322, 848.33163123962197, 867.76320995231538, 881.43143605827152, 890.42470030318418, 891.69180973219613, 
4700,58.33779921224843, 59.25777268149533, 65.20096498728992, 73.11080079181409, 86.90117337194796, 107.60191599326475, 140.60533675510925, 192.89256668218670, 274.69881789272699, 391.40023336063899, 521.37469049572383, 633.66778701308351, 718.01132841361334, 777.88460303943555, 819.14101924099919, 848.33243706968017, 867.76370539662253, 881.43140026795288, 890.42375468641330, 891.69029153200233, 
4800,58.33514489206860, 59.26095811727077, 65.20338841641004, 73.11035034202419, 86.90003586839228, 107.60239532812739, 140.60724793833651, 192.89420049326489, 274.69897599754279, 391.39915907423648, 521.37333872541558, 633.66682907862082, 718.01107815974535, 777.88507219072289, 819.14201630772345, 848.33357288152013, 867.76455299141924, 881.43173728266845, 890.42322676717629, 891.68915712205580, 
4900,58.33253774102583, 59.26351816452173, 65.20538244714048, 73.10979975645900, 86.89880319617286, 107.60259652616034, 140.60882183681304, 192.89566090666548, 274.69921492605533, 391.39835478126264, 521.37233350348254, 633.66622625051389, 718.01116697960879, 777.88587307478258, 819.14336605585402, 848.33512519803503, 867.76591589908423, 881.43269554448921, 890.42344636672306, 891.68883429671200, 
5000,58.32976382349762, 59.26532880113810, 65.20680579418598, 73.10897966630471, 86.89731583609428, 107.60236705016878, 140.60988741412737, 192.89672131272621, 274.69924135986656, 391.39746091061483, 521.37126446824971, 633.66553225102132, 718.01112315298963, 777.88651757044738, 819.14456829503206, 848.33658904044796, 867.76728656639762, 881.43377880929711, 890.42392930096446, 891.68887478872921, 
5100,58.32714447560207, 59.26677675447830, 65.20800655659576, 73.10819781438127, 86.89586598526604, 107.60198991289087, 140.61069160931115, 192.89756307603236, 274.69915984089567, 391.39650101860423, 521.37007853413093, 633.66462787969601, 718.01076938553274, 777.88677362770341, 819.14533667536853, 848.33762250932193, 867.76826809324587, 881.43453779974061, 890.42417629597264, 891.68874059904374, 
5200,58.32497664583349, 59.26819898649725, 65.20928420932685, 73.10771999084253, 86.89471417538934, 107.60173769867036, 140.61150070493758, 192.89843195752331, 274.69919388462540, 391.39568592668752, 521.36897795444179, 633.66370737694956, 718.01028933160239, 777.88680727592316, 819.14581287784199, 848.33833275232087, 867.76892936848537, 881.43499581077413, 890.42416541531566, 891.68836315414057, 
5300,58.32322521291788, 59.26959579129562, 65.21061814163193, 73.10750510777335, 86.89383337993624, 107.60161568973733, 140.61234238339438, 192.89937004951980, 274.69940343227813, 391.39511227405836, 521.36810575887296, 633.66295734447999, 718.00990609844848, 777.88686882384047, 819.14626622091259, 848.33899812598008, 867.76955259157057, 881.43543222406254, 890.42417123879886, 891.68800999784082, 
5400,58.32167184760780, 59.27079275538872, 65.21182512714697, 73.10735523972370, 86.89304349647806, 107.60147365129926, 140.61308855298543, 192.90025954507027, 274.69968136495004, 391.39469840824148, 521.36741804833105, 633.66237269858561, 718.00965028837902, 777.88702056092677, 819.14678635500820, 848.33973156837783, 867.77027057466682, 881.43599935700183, 890.42436328045221, 891.68787200570841, 
5500,58.32018733940405, 59.27170870667184, 65.21281508983510, 73.10716298022159, 86.89224424777393, 107.60122587139827, 140.61365857264030, 192.90100839413554, 274.69991939161031, 391.39432528728946, 521.36679474039249, 633.66183764610798, 718.00941256930241, 777.88716057112470, 819.14727807010843, 848.34044432803091, 867.77099968173161, 881.43662166511024, 890.42467289542378, 891.68789533932136, 
5600,58.31880612934992, 59.27241999069435, 65.21365047017915, 73.10697011701252, 86.89147467717807, 107.60091660517006, 140.61409176662440, 192.90163535549931, 274.70010930107003, 391.39395891439045, 521.36618191365710, 633.66128382940769, 718.00911337233708, 777.88719921414702, 819.14764119368544, 848.34102462035548, 867.77161548577465, 881.43716330369512, 890.42495243247231, 891.68792635398006, 
5700,58.31760886345553, 59.27303967246216, 65.21442947222100, 73.10685538624365, 86.89081019472385, 107.60062847614361, 140.61446998559708, 192.90221034868668, 274.70030469814651, 391.39363969079744, 521.36561114835149, 633.66073694338888, 718.00877338553903, 777.88715079894962, 819.14788153416043, 848.34146625215965, 867.77209785166156, 881.43758838183624, 890.42514963743702, 891.68789829372281, 
5800,58.31660766062839, 59.27360710075850, 65.21518073521756, 73.10683216425306, 86.89026551763688, 107.60038880786347, 140.61482814424377, 192.90276802945721, 274.70053766563922, 391.39340306137120, 521.36512638620854, 633.66025061535981, 718.00845490678114, 777.88708358687006, 819.14807035558090, 848.34183935727947, 867.77251324716292, 881.43795712129111, 890.42531725590027, 891.68785675161632, 
5900,58.31574725918322, 59.27409382155012, 65.21586968729267, 73.10685385424327, 86.88979781577895, 107.60016816344113, 140.61514680179792, 192.90329146462406, 274.70079148484666, 391.39323822248105, 521.36472860104050, 633.65983912330478, 718.00818487181573, 777.88703539993594, 819.14825416023916, 848.34219634202520, 867.77291776667550, 881.43832809365972, 890.42551486729542, 891.68786370044143, 
6000,58.31497394913951, 59.27447300207988, 65.21646500547334, 73.10687787751571, 86.88936636164657, 107.59993533179386, 140.61540103808551, 192.90375374603667, 274.70103377895458, 391.39311052850161, 521.36438617355111, 633.65947650177179, 718.00794374978602, 777.88699293115360, 819.14842484930784, 848.34253299576130, 867.77330955071375, 881.43870188103256, 890.42574427041347, 891.68792476599720, 
6100,58.31427613179960, 59.27475763805947, 65.21697461605281, 73.10690068007541, 86.88896637998499, 107.59969123129667, 140.61559421578681, 192.90415259676124, 274.70125249619622, 391.39299940348974, 521.36407401646272, 633.65913609314123, 718.00770478605261, 777.88692967213694, 819.14855562000912, 848.34282120900866, 867.77365799131644, 881.43904546146257, 890.42596912059321, 891.68800270412783, 
6200,58.31366753491602, 59.27498225476629, 65.21742768521416, 73.10694050833132, 86.88861380954506, 107.59945657874242, 140.61574918021824, 192.90450630246193, 274.70145764153608, 391.39290763238273, 521.36379081141195, 633.65881480388668, 718.00746418892459, 777.88684102861203, 819.14864029713488, 848.34305175055601, 867.77394953638793, 881.43934030081698, 890.42616507205605, 891.68806868513673, 
6300,58.31315296332011, 59.27516933399913, 65.21784239649165, 73.10700616130913, 86.88831601530596, 107.59924440266180, 140.61588295708717, 192.90483065549080, 274.70166081333116, 391.39284428720453, 521.36354602300901, 633.65852412126037, 718.00723591798010, 777.88674285594118, 819.14869559174429, 848.34324044977745, 867.77419773813870, 881.43959660446512, 890.42633805431979, 891.68812492245922, 
6400,58.31271771735746, 59.27532021442725, 65.21821736694831, 73.10708843962510, 86.88806329866424, 107.59905098658648, 140.61599689411003, 192.90512755085928, 274.70186184218272, 391.39280890220414, 521.36334183729696, 633.65827031796357, 718.00703065148343, 777.88664975017650, 819.14873910517724, 848.34340647222803, 867.77442200893620, 881.43983319685481, 890.42650531414938, 891.68818764202535, 
6500,58.31234158191179, 59.27542973245566, 65.21854568648800, 73.10717354440419, 86.88784122498306, 107.59886686267994, 140.61608587074946, 192.90539186768450, 274.70205290341841, 391.39279209487671, 521.36317004757382, 633.65804795864858, 718.00684633781043, 777.88656297701948, 819.14877486487831, 848.34355565932879, 867.77462891798450, 881.44005696053671, 890.42667312928825, 891.68826335907977, 
6600,58.31201344628311, 59.27550050833043, 65.21882844215131, 73.10725612274339, 86.88764304036114, 107.59868883817067, 140.61614973354105, 192.90562237254585, 274.70222887693438, 391.39278529953589, 521.36302091390723, 633.65784780422086, 718.00667509464358, 777.88647621590042, 819.14879780281785, 848.34368350992384, 867.77481363721893, 881.44026247442719, 890.42683469712154, 891.68834475684946, 
6700,58.31173167883414, 59.27554288195284, 65.21907447212723, 73.10733904445857, 86.88746975109812, 107.59852070017568, 140.61619471187470, 192.90582415208300, 274.70239105603008, 391.39278617547080, 521.36289029826662, 633.65766541926189, 718.00651299958975, 777.88638623262193, 819.14880509302350, 848.34378691166842, 867.77497194581281, 881.44044401767360, 890.42698209457205, 891.68842229468748, 
6800,58.31149559501598, 59.27556645693777, 65.21929218076087, 73.10742544828010, 86.88732276007470, 107.59836651851541, 140.61622750410322, 192.90600358084092, 274.70254316047317, 391.39279600530438, 521.36277864086480, 633.65750162836025, 718.00636187782754, 777.88629589565380, 819.14880031937253, 848.34386942158710, 867.77510656787945, 881.44060296156476, 890.42711466371929, 891.68849357559600, 
6900,58.31130007090290, 59.27557515197562, 65.21948479597914, 73.10751406110228, 86.88719938786005, 107.59822624791465, 140.61625093332373, 192.90616386188643, 274.70268670435416, 391.39281487456105, 521.36268607677687, 633.65735766922728, 718.00622457078748, 777.88620966823714, 819.14878926272479, 848.34393747358001, 867.77522383267501, 881.44074504245384, 890.42723688626404, 891.68856201403969, 
7000,58.31113734407912, 59.27556934065215, 65.21965241500409, 73.10760108431711, 86.88709455189320, 107.59809710813761, 140.61626490241377, 192.90630535518881, 274.70282056301738, 391.39284029369890, 521.36261009761392, 633.65723201864114, 718.00610105939177, 777.88612914615226, 819.14877493192967, 848.34399498928155, 867.77532791169813, 881.44087432136416, 890.42735209377963, 891.68863043253953, 
7100,58.31100124983509, 59.27555014308061, 65.21979606796140, 73.10768407059454, 86.88700441771314, 107.59797705218193, 140.61626958577872, 192.90642843428188, 274.70294344368961, 391.39286920647095, 521.36254703583370, 633.65712137498531, 718.00598897551527, 777.88605309699153, 819.14875712659318, 848.34404243114398, 867.77541936480100, 881.44099118403471, 890.42745994358552, 891.68869799262040, 
7200,58.31088864083020, 59.27552078150207, 65.21991895033712, 73.10776308879630, 86.88692756687897, 107.59786604256396, 140.61626680382989, 192.90653500875570, 274.70305560008131, 391.39289998119119, 521.36249432501029, 633.65702313345901, 718.00588623023123, 777.88598016495439, 819.14873516117268, 848.34407946501142, 867.77549770967221, 881.44109473499987, 890.42755863188449, 891.68876214446504, 
7300,58.31079767293392, 59.27548489102001, 65.22002475880947, 73.10783908397900, 86.88686350450355, 107.59776476873994, 140.61625897494525, 192.90662774359328, 274.70315836939858, 391.39293237949005, 521.36245095084871, 633.65693628038753, 718.00579229553978, 777.88591048978367, 819.14870978259376, 848.34410713928742, 867.77556383667752, 881.44118542038916, 890.42764770606288, 891.68882160092369, 
7400,58.31072589300657, 59.27544474883229, 65.22011597708035, 73.10791217508294, 86.88681105219794, 107.59767313360906, 140.61624769540720, 192.90670869358331, 274.70325285807087, 391.39296632678258, 521.36241635785700, 633.65686045141263, 718.00570741746094, 777.88584508601036, 819.14868272064894, 848.34412762472573, 867.77561993632594, 881.44126517375730, 890.42772841884039, 891.68887694060845, 
7500,58.31067007594252, 59.27540126211045, 65.22019385550138, 73.10798158804900, 86.88676825669951, 107.59759012220626, 140.61623353587274, 192.90677895846150, 274.70333941633271, 391.39300117150594, 521.36238950902941, 633.65679483025121, 718.00563138956818, 777.88578452439288, 819.14865529809856, 848.34414277942562, 867.77566802874071, 881.44133594319715, 890.42780225566082, 891.68892918350844, 
7600,58.31062722999062, 59.27535505333410, 65.22025943456562, 73.10804660855989, 86.88673327552131, 107.59751463359946, 140.61621678568906, 192.90683929774727, 274.70341809432040, 391.39303595279068, 521.36236895750494, 633.65673804435789, 718.00556329275128, 777.88572852612958, 819.14862788426785, 848.34415346056358, 867.77570913588590, 881.44139872398819, 890.42786983289875, 891.68897856540241, 
7700,58.31059526329651, 59.27530715222795, 65.22031418499050, 73.10810717477491, 86.88670494668347, 107.59744606521345, 140.61619803877042, 192.90689071287065, 274.70348921857493, 391.39306998351998, 521.36235343444923, 633.65668875232370, 718.00550207393326, 777.88567651708127, 819.14860041150541, 848.34415998133454, 867.77574367051818, 881.44145385811396, 890.42793110706168, 891.68902463988024, 
7800,58.31057275469252, 59.27525879517330, 65.22035979624009, 73.10816364993114, 86.88668258869936, 107.59738417401527, 140.61617811853392, 192.90693443843531, 274.70355345824726, 391.39310302413986, 521.36234214492208, 633.65664605212305, 718.00544705100071, 777.88562821197172, 819.14857302440942, 848.34416280809239, 867.77577217092755, 881.44150179221629, 890.42798615000140, 891.68906705889151, 
7900,58.31055839197266, 59.27521092080045, 65.22039768250194, 73.10821632008616, 86.88666552851873, 107.59732865055014, 140.61615769946974, 192.90697159882228, 274.70361151547672, 391.39313502549118, 521.36233458266815, 633.65660937030259, 718.00539787320690, 777.88558364358175, 819.14854617433070, 848.34416271859402, 867.77579551820804, 881.44154335649876, 890.42803548407187, 891.68910597094361, 
8000,58.31055074644281, 59.27516401174465, 65.22042882553978, 73.10826521720023, 86.88665292560385, 107.59727895022453, 140.61613713876338, 192.90700301576635, 274.70366389569602, 391.39316585875963, 521.36233023157695, 633.65657814694509, 718.00535419848472, 777.88554284028714, 819.14852030107136, 848.34416049334675, 867.77581463727176, 881.44157948406792, 890.42807981789167, 891.68914178773173, 
8100,58.31054844893450, 59.27511832177308, 65.22045398673055, 73.10831030234087, 86.88664393623618, 107.59723444860769, 140.61611661282541, 192.90702930522374, 274.70371095058260, 391.39319529573504, 521.36232848655732, 633.65655170733589, 718.00531552459938, 777.88550562208127, 819.14849559614890, 848.34415664700282, 867.77583019616588, 881.44161088041778, 890.42811968587864, 891.68917480113680, 
8200,58.31055040820721, 59.27507412519753, 65.22047393898043, 73.10835167238739, 86.88663790623274, 107.59719463685936, 140.61609631005535, 192.90705105729748, 274.70375303768657, 391.39322314802297, 521.36232877420480, 633.65652936718175, 718.00528128034682, 777.88547167579634, 819.14847205937656, 848.34415146064759, 867.77584261114941, 881.44163799617240, 890.42815538766649, 891.68920508749602, 
8300,58.31055581769394, 59.27503174798288, 65.22048949005469, 73.10838956775711, 86.88663437903570, 107.59715914766964, 140.61607647462623, 192.90706889337028, 274.70379058847408, 391.39324935371809, 521.36233066340571, 633.65651056677530, 718.00525098049411, 777.88544072610921, 819.14844968146451, 848.34414516954439, 867.77585223540848, 881.44166121114040, 890.42818716502131, 891.68923267382957, 
8400,58.31056401204082, 59.27499145278975, 65.22050136838978, 73.10842424807252, 86.88663297711551, 107.59712765521512, 140.61605732643307, 192.90708339984900, 274.70382405271698, 391.39327393907945, 521.36233385180583, 633.65649488372696, 718.00522426374027, 777.88541259695160, 819.14842852658387, 848.34413806409600, 867.77585947535408, 881.44168096446219, 890.42821534308030, 891.68925769075190, 
8500,58.31057436131913, 59.27495336461614, 65.22051014996609, 73.10845590813348, 86.88663331813551, 107.59709980006765, 140.61603899454803, 192.90709506068015, 274.70385382388298, 391.39329693758697, 521.36233808466693, 633.65648195597657, 718.00520082238950, 777.88538714955337, 819.14840867908049, 848.34413044549251, 867.77586475372800, 881.44169772657244, 890.42824030928034, 891.68928036214277, 
8600,58.31058627874012, 59.27491750604300, 65.22051629091132, 73.10848469748116, 86.88663502805777, 107.59707520364081, 140.61602153156969, 192.90710426217981, 274.70388022720522, 391.39331835873338, 521.36234310780333, 633.65647142359694, 718.00518033655658, 777.88536421124866, 819.14839016760504, 848.34412254528456, 867.77586842365406, 881.44171190844474, 890.42826241666035, 891.68930090549838, 
8700,58.31059927536432, 59.27488387248785, 65.22052019832488, 73.10851077875652, 86.88663779229519, 107.59705352112346, 140.61600496757387, 192.90711134149106, 274.70390355695810, 391.39333821273999, 521.36234868182305, 633.65646293551663, 718.00516247536359, 777.88534357163212, 819.14837295585255, 848.34411450915161, 867.77587074401333, 881.44172382725844, 890.42828193876267, 891.68931947646786, 
8800,58.31061297672229, 59.27485246488269, 65.22052226042217, 73.10853434826565, 86.88664137256737, 107.59703446391246, 140.61598933891062, 192.90711661775435, 274.70392410620934, 391.39335653984443, 521.36235461339061, 633.65645618422275, 718.00514693546768, 777.88532502414785, 819.14835698603940, 848.34410644002651, 867.77587192036719, 881.44173374305694, 890.42829910067019, 891.68933619337986, 
8900,58.31062708984369, 59.27482327185681, 65.22052282895977, 73.10855561138759, 86.88664558116788, 107.59701778070904, 140.61597467772674, 192.90712038657480, 274.70394216301014, 391.39337340964437, 521.36236076074829, 633.65645091882345, 718.00513346196306, 777.88530839439147, 819.14834221374019, 848.34409843798471, 867.77587214824598, 881.44174190418926, 890.42831412511180, 891.68935118377283, 
9000,58.31064136437691, 59.27479624599711, 65.22052219671251, 73.10857475387024, 86.88665025064567, 107.59700323184198, 140.61596099233719, 192.90712290242564, 274.70395799114493, 391.39338890031513, 521.36236701419534, 633.65644692880107, 718.00512183650096, 777.88529353314675, 819.14832860572426, 848.34409060239591, 867.77587161846407, 881.44174855558288, 890.42832724241100, 891.68936459676604, 
9100,58.31065558067412, 59.27477130568395, 65.22052059984917, 73.10859193795895, 86.88665522660222, 107.59699058406956, 140.61594826500414, 192.90712437533210, 274.70397182174412, 391.39340308404979, 521.36237327732624, 633.65644402329258, 718.00511185621428, 777.88528029589804, 819.14831612029764, 848.34408301293820, 867.77587049796750, 881.44175391936221, 890.42833866991884, 891.68937658214679, 
9200,58.31066955847071, 59.27474835497078, 65.22051823767458, 73.10860731617908, 86.88666037750352, 107.59697962158226, 140.61593646510062, 192.90712498294349, 274.70398386069439, 391.39341602861970, 521.36237946407266, 633.65644202543410, 718.00510332667886, 777.88526853505448, 819.14830469885703, 848.34407572001066, 867.77586891828923, 881.44175818086160, 890.42834859472669, 891.68938727004854, 
9300,58.31068316268900, 59.27472729834480, 65.22051528746924, 73.10862104119232, 86.88666560134286, 107.59697015450169, 140.61592556075206, 192.90712488302574, 274.70399429911481, 391.39342780522935, 521.36238550510768, 633.65644077858406, 718.00509606875869, 777.88525810761507, 819.14829427420773, 848.34406875297543, 867.77586698282812, 881.44176149413204, 890.42835717658738, 891.68939677098331, 
9400,58.31069629599706, 59.27470804104534, 65.22051190564100, 73.10863326304468, 86.88667082067794, 107.59696201622079, 140.61591552004160, 192.90712421674709, 274.70400331630196, 391.39343849086379, 521.36239135082076, 633.65644015094722, 718.00508992545906, 777.88524888440600, 819.14828478199274, 848.34406213317538, 867.77586478061062, 881.44176399577600, 890.42836456096541, 891.68940518783779, 
9500,58.31070888585032, 59.27469048325398, 65.22050822318383, 73.10864412138591, 86.88667597290687, 107.59695505553798, 140.61590630654786, 192.90712310591391, 274.70401107636917, 391.39344816384772, 521.36239696695645, 633.65644003237105, 718.00508476057337, 777.88524075092960, 819.14827616374862, 848.34405587889728, 867.77586239247557, 881.44176581197723, 890.42837088615738, 891.68941262305543, 
9600,58.31072087670374, 59.27467451872428, 65.22050434550778, 73.10865374234800, 86.88668100494606, 107.59694913235522, 140.61589787744890, 192.90712165182921, 274.70401772558176, 391.39345689885016, 521.36240232819318, 633.65644032761134, 718.00508045246158, 777.88523360215970, 819.14826836287170, 848.34405000238394, 867.77585988861085, 881.44176705635994, 890.42837628082020, 891.68941917591144, 
9700,58.31073222916518, 59.27466003930498, 65.22050035794071, 73.10866224134713, 86.88668587364496, 107.59694411861835, 140.61589018627197, 192.90711993846517, 274.70402339385430, 391.39346476578959, 521.36240741509653, 633.65644095232403, 718.00507688985806, 777.88522733864136, 819.14826132115627, 848.34404450668171, 867.77585732524585, 881.44176782624572, 890.42838085924427, 891.68942493677127, 
9800,58.31074292072361, 59.27464694001495, 65.22049633171227, 73.10866972675083, 86.88669054728254, 107.59693990032436, 140.61588318669888, 192.90711803704198, 274.70402819830616, 391.39347183157633, 521.36241221454827, 633.65644183297286, 718.00507397187050, 777.88522186691102, 819.14825497971799, 848.34403938687024, 867.77585474574016, 881.44176820325833, 890.42838472097014, 891.68942998552598, 
9900,58.31075294372145, 59.27463512060889, 65.22049232656822, 73.10867630063943, 86.88669500453132, 107.59693637709867, 140.61587683406557, 192.90711600868428, 274.70403224552615, 391.39347816137280, 521.36241672045185, 633.65644290761884, 718.00507160933410, 777.88521710168493, 819.14824928207918, 848.34403463385127, 867.77585218467357, 881.44176825737100, 890.42838795430418, 891.68943439434145, 
10000,58.31076230114171, 59.27462448447513, 65.22048839082673, 73.10868205736020, 86.88669923145318, 107.59693345971264, 140.61587108467714, 192.90711390489255, 274.70403563181907, 391.39348381799959, 521.36242093271312, 633.65644412506242, 718.00506972457413, 777.88521296652675, 819.14824417582201, 848.34403023690004, 867.77584967092866, 881.44176805027371, 890.42839063955057, 891.68943823056100, 
10100,58.31077100306636, 59.27461493778329, 65.22048456166966, 73.10868708255408, 86.88670321903750, 107.59693106789422, 140.61586589506629, 192.90711176768724, 274.70403844294202, 391.39348886060685, 521.36242485517755, 633.65644544260510, 718.00506824945637, 777.88520939250066, 819.14823961199215, 848.34402618377965, 867.77584722823917, 881.44176763618873, 890.42839284969989, 891.68944155714087, 
10200,58.31077906515746, 59.27460639019349, 65.22048086689028, 73.10869145379455, 86.88670696236703, 107.59692912956818, 140.61586122239279, 192.90710963069660, 274.70404075471185, 391.39349334411702, 521.36242849412622, 633.65644682410300, 718.00506712344736, 777.88520631655649, 819.14823554394241, 848.34402246004322, 867.77584487470949, 881.44176706142991, 890.42839464970837, 891.68944443151383, 
10300,58.31078650821099, 59.27459875618050, 65.22047732717979, 73.10869524195419, 86.88671046061846, 107.59692758085686, 140.61585702546776, 192.90710752086684, 274.70404263437058, 391.39349731960863, 521.36243185783303, 633.65644823913169, 718.00506629275890, 777.88520368091781, 819.14823192709275, 848.34401904914489, 867.77584262306289, 881.44176636463885, 890.42839609643079, 891.68944690503474, 
10400,58.31079335740741, 59.27459195567491, 65.22047395769971, 73.10869851204255, 86.88671371670250, 107.59692636572750, 140.61585326538267, 192.90710545985289, 274.70404414184037, 391.39350083487955, 521.36243495655390, 633.65644966274112, 718.00506571019548, 777.88520143324706, 819.14822871952867, 848.34401593345399, 867.77584048188044, 881.44176557807543, 890.42839723969405, 891.68944902365092, 
10500,58.31079964093629, 59.27458591380775, 65.22047076875420, 73.10870132331516, 86.88671673632047, 107.59692543503930, 140.61584990546115, 192.90710346472588, 274.70404533041358, 391.39350393459586, 521.36243780222810, 633.65645107501496, 718.00506533485611, 777.88519952670458, 819.14822588251377, 848.34401309522673, 867.77583845686422, 881.44176472903382, 890.42839812364139, 891.68945082899506, 
10600,58.31080538862903, 59.27458056044090, 65.22046776620225, 73.10870372924761, 86.88671952698715, 107.59692474548940, 140.61584691098369, 192.90710154836771, 274.70404624711119, 391.39350666012649, 521.36244040784436, 633.65645246024530, 718.00506513137441, 777.88519791945862, 819.14822338039539, 848.34401051693351, 867.77583655145520, 881.44176384065372, 890.42839878751624, 891.68945235898479, 
10700,58.31081063112079, 59.27457583002493, 65.22046495213822, 73.10870577786865, 86.88672209747209, 107.59692425891379, 140.61584424912161, 192.90709971997236, 274.70404693313219, 391.39350904945496, 521.36244278684421, 633.65645380606429, 718.00506506903423, 777.88519657398285, 819.14822118019686, 848.34400818118183, 867.77583476697487, 881.44176293218015, 890.42839926587624, 891.68945364785282, 
10800,58.31081539947147, 59.27457166172081, 65.22046232576700, 73.10870751236345, 86.88672445758851, 107.59692394190932, 140.61584188910356, 192.90709798573340, 274.70404742451205, 391.39351113735961, 521.36244495282233, 633.65645510287118, 718.00506512113725, 777.88519545654606, 819.14821925133356, 848.34400607070074, 867.77583310278476, 881.44176201923051, 890.42839958879870, 891.68945472613950, 
10900,58.31081972486578, 59.27456799943783, 65.22045988414551, 73.10870897163302, 86.88672661802565, 107.59692376548058, 140.61583980234607, 192.90709634947947, 274.70404775278945, 391.39351295571015, 521.36244691942943, 633.65645634351222, 718.00506526464380, 777.88519453697040, 819.14821756559013, 848.34400416856909, 867.77583155668822, 881.44176111428260, 890.42839978232973, 891.68945562096144, 
11000,58.31082363820075, 59.27456479163067, 65.22045762263609, 73.10871019062489, 86.88672859003850, 107.59692370456649, 140.61583796241513, 192.90709481311933, 274.70404794552974, 391.39351453369710, 521.36244870027724, 633.65645752300372, 718.00506547987970, 777.88519378845911, 819.14821609716194, 848.34400245851452, 867.77583012541470, 881.44176022727765, 890.42839986908052, 891.68945635646776, 
11100,58.31082716964094, 59.27456199096857, 65.22045553520049, 73.10871120056323, 86.88673038510815, 107.59692373751139, 140.61583634487405, 192.90709337693096, 274.70404802669646, 391.39351589794632, 521.36245030875830, 633.65645863817451, 718.00506575014992, 777.88519318731755, 819.14821482256491, 848.34400092505530, 867.77582880494617, 881.44175936607917, 890.42839986871581, 891.68945695423508, 
11200,58.31083034830966, 59.27455955405993, 65.22045361468501, 73.10871202921298, 86.88673201469481, 107.59692384562544, 140.61583492715113, 192.90709203981876, 274.70404801698794, 391.39351707262011, 521.36245175785984, 633.65645968730325, 718.00506606132387, 777.88519271260327, 819.14821372043752, 848.34399955350136, 867.77582759067275, 881.44175853674392, 890.42839979825351, 891.68945743347342, 
11300,58.31083320213553, 59.27455744126198, 65.22045185315478, 73.10871270121935, 86.88673349011033, 107.59692401286127, 140.61583368847971, 192.90709079959908, 274.70404793420505, 391.39351807957053, 521.36245306004855, 633.65646066981344, 718.00506640146057, 777.88519234579599, 819.14821277133922, 848.34399832992449, 867.77582647750251, 881.44175774372479, 890.42839967227962, 891.68945781116042, 
11400,58.31083575778526, 59.27455561651379, 65.22045024219746, 73.10871323845026, 86.88673482245269, 107.59692422554591, 140.61583260984423, 192.90708965327119, 274.70404779361172, 391.39351893853166, 521.36245422722482, 633.65646158606944, 718.00506676054590, 777.88519207056822, 819.14821195761624, 848.34399724117088, 867.77582545999644, 881.44175699009850, 890.42839950320706, 891.68945810222635, 
11500,58.31083804058327, 59.27455404711677, 65.22044877314116, 73.10871366027150, 86.88673602251886, 107.59692447211417, 140.61583167390793, 192.90708859724023, 274.70404760826273, 391.39351966730720, 521.36245527071458, 633.65646243722040, 718.00506713027346, 777.88519187259476, 819.14821126331140, 848.34399627491302, 867.77582453253444, 881.44175627781863, 890.42839930156265, 891.68945831977646, 
11600,58.31084007443016, 59.27455270347783, 65.22044743719218, 73.10871398376507, 86.88673710070621, 107.59692474282642, 140.61583086489131, 192.90708762746394, 274.70404738925527, 391.39352028191712, 521.36245620123975, 633.65646322504392, 718.00506750383931, 777.88519173937289, 819.14821067406888, 848.34399541967559, 867.77582368946207, 881.44175560795304, 890.42839907626023, 891.68945847532439, 
11700,58.31084188175033, 59.27455155886138, 65.22044622555470, 73.10871422393717, 86.88673806693834, 107.59692502951975, 140.61583016845242, 192.90708673957795, 274.70404714595412, 391.39352079672346, 521.36245702888232, 633.65646395178942, 718.00506787572101, 777.88519166001254, 819.14821017699023, 848.34399466480875, 867.77582292515615, 881.44175498083121, 890.42839883480042, 891.68945857895790, 
11800,58.31084348348984, 59.27455058917327, 65.22044512953686, 73.10871439392483, 86.88673893063000, 107.59692532540700, 140.61582957159058, 192.90708592900856, 274.70404688620425, 391.39352122456398, 521.36245776307612, 633.65646462004383, 718.00506824149068, 777.88519162505190, 819.14820976050873, 848.34399400044936, 867.77582223408172, 881.44175439617618, 890.42839858343291, 891.68945863946681, 
11900,58.31084489914846, 59.27454977277026, 65.22044414065979, 73.10871450520665, 86.88673970067455, 107.59692562490184, 140.61582906255796, 192.90708519107906, 274.70404661652850, 391.39352157688359, 521.36245841260461, 633.65646523263217, 718.00506859765073, 777.88519162629404, 819.14820941426854, 848.34399341748644, 867.77582161083467, 881.44175385321000, 890.42839832730863, 891.68945866447677, 
12000,58.31084614682034, 59.27454909026611, 65.22044325073128, 73.10871456778757, 86.88674038544150, 107.59692592346541, 140.61582863077385, 192.90708452109595, 274.70404634230960, 391.39352186386839, 521.36245898562731, 633.65646579253917, 718.00506894150351, 777.88519165666776, 819.14820912902167, 848.34399290753481, 867.77582105018678, 881.44175335076397, 890.42839807062819, 891.68945866057254, 
12100,58.31084724323452, 59.27454852433910, 65.22044245188934, 73.10871459035057, 86.88674099276498, 107.59692621745759, 140.61582826673259, 192.90708391441581, 274.70404606794767, 391.39352209456581, 521.36245948970179, 633.65646630285244, 718.00506927104220, 777.88519171011126, 819.14820889654413, 848.34399246290627, 867.77582054712468, 881.44175288737858, 890.42839781678072, 891.68945863342640, 
12200,58.31084820379877, 59.27454805954508, 65.22044173663457, 73.10871458039973, 86.88674152994676, 107.59692650400592, 140.61582796191098, 192.90708336648746, 274.70404579698703, 391.39352227698095, 521.36245993179557, 633.65646676669132, 718.00506958483368, 777.88519178145179, 819.14820870954327, 848.34399207658123, 867.77582009688558, 881.44175246138866, 890.42839756846718, 891.68945858791153, 
12300,58.31084904265620, 59.27454768214705, 65.22044109785503, 73.10871454439180, 86.88674200376117, 107.59692678089002, 140.61582770868455, 192.90708287289178, 274.70404553223557, 391.39352241817687, 521.36246031831422, 633.65646718716448, 718.00506988192626, 777.88519186629117, 819.14820856156155, 848.34399174215957, 867.77581969495282, 881.44175207097180, 890.42839732779612, 891.68945852819229, 
12400,58.31084977275567, 59.27454737996214, 65.22044052884047, 73.10871448785880, 86.88674242047418, 107.59692704644233, 140.61582750024931, 192.90708242936924, 274.70404527587408, 391.39352252436953, 521.36246065512717, 633.65646756732940, 718.00507016176721, 777.88519196091829, 819.14820844690109, 848.34399145382110, 867.77581933707302, 881.44175171420375, 890.42839709636098, 891.68945845779797, 
12500,58.31085040591859, 59.27454714221749, 65.22044002329643, 73.10871441551890, 86.88674278586429, 107.59692729946725, 140.61582733055442, 192.90708203185275, 274.70404502955165, 391.39352260101151, 521.36246094759542, 633.65646791016343, 718.00507042412880, 777.88519206221270, 819.14820836053946, 848.34399120628507, 867.77581901925134, 881.44175138910305, 890.42839687532830, 891.68945837970887, 
12600,58.31085095290712, 59.27454695941311, 65.22043957534214, 73.10871433137821, 86.88674310524540, 107.59692753916478, 140.61582719423188, 192.90708167647642, 274.70404479446825, 391.39352265287494, 521.36246120060582, 633.65646821854114, 718.00507066905288, 777.88519216757891, 819.14820829807559, 848.34399099477844, 867.77581873775807, 881.44175109366597, 890.42839666550128, 891.68945829642075, 
12700,58.31085142349430, 59.27454682319647, 65.22043917950445, 73.10871423881197, 86.88674338348295, 107.59692776505794, 140.61582708653111, 192.90708135958911, 274.70404457144849, 391.39352268412068, 521.36246141860192, 633.65646849522375, 718.00507089679877, 777.88519227487404, 819.14820825565391, 848.34399081499487, 867.77581848912621, 881.44175082590084, 890.42839646738537, 891.68945821001194, 
12800,58.31085182652669, 59.27454672624223, 65.22043883070668, 73.10871414064611, 86.88674362502454, 107.59692797694333, 140.61582700326025, 192.90708107775714, 274.70404436100063, 391.39352269836144, 521.36246160560529, 633.65646874283641, 718.00507110779301, 777.88519238234960, 819.14820822991851, 848.34399066306185, 867.77581827014274, 881.44175058385156, 890.42839628124011, 891.68945812219908, 
12900,58.31085216999320, 59.27454666214659, 65.22043852425763, 73.10871403922697, 86.88674383391971, 107.59692817483301, 140.61582694072874, 192.90708082776470, 274.70404416337118, 391.39352269872620, 521.36246176525765, 633.65646896386841, 718.00507130259552, 777.88519248859450, 819.14820821795081, 848.34399053550408, 867.77581807784179, 881.44175036561182, 890.42839610711792, 891.68945803437907, 
13000,58.31085246109092, 59.27454662533447, 65.22043825583654, 73.10871393648689, 86.88674401384853, 107.59692835891683, 140.61582689569988, 192.90708060661393, 274.70404397859545, 391.39352268791049, 521.36246190083750, 633.65646916066396, 718.00507148186387, 777.88519259248699, 819.14820821722253, 848.34399042921143, 867.77581790949307, 881.44175016934241, 890.42839594491045, 891.68945794767956, 
13100,58.31085270628708, 59.27454661096567, 65.22043802147975, 73.10871383399946, 86.88674416814565, 107.59692852952475, 140.61582686534300, 192.90708041152371, 274.70404380653821, 391.39352266822988, 521.36246201529514, 633.65646933541905, 718.00507164632484, 777.88519269315452, 819.14820822555623, 848.34399034140120, 867.77581776258546, 881.44174999327731, 890.42839579437248, 891.68945786299014, 
13200,58.31085291137796, 59.27454661485528, 65.22043781755704, 73.10871373302838, 86.88674429982572, 107.59692868709671, 140.61582684719090, 192.90708023991797, 274.70404364692666, 391.39352264166229, 521.36246211127605, 633.65646949018776, 718.00507179675594, 777.88519278993533, 819.14820824107892, 848.34399026960159, 867.77581763482920, 881.44174983574146, 890.42839565516283, 891.68945778100635, 
13300,58.31085308154476, 59.27454663339925, 65.22043764075470, 73.10871363457082, 86.88674441160485, 107.59692883215099, 140.61582683909955, 192.90708008942377, 274.70404349938315, 391.39352260988903, 521.36246219114878, 633.65646962687856, 718.00507193396038, 777.88519288234659, 819.14820826219454, 848.34399021161653, 867.77581752413118, 881.44174969514177, 890.42839552685689, 891.68945770225014, 
13400,58.31085322140581, 59.27454666350597, 65.22043748805747, 73.10871353939930, 86.88674450592551, 107.59692896526728, 140.61582683921458, 192.90707995785772, 274.70404336344683, 391.39352257433023, 521.36246225702553, 633.65646974725973, 718.00507205875738, 777.88519297005575, 819.14820828754182, 848.34399016549821, 867.77581742858877, 881.44174956998438, 890.42839540897717, 891.68945762710325, 
13500,58.31085333507077, 59.27454670253925, 65.22043735672736, 73.10871344809186, 86.88674458497883, 107.59692908706425, 140.61582684593571, 192.90707984322049, 274.70404323859958, 391.39352253617875, 521.36246231078871, 633.65646985296564, 718.00507217196389, 777.88519305285388, 819.14820831597319, 848.34399012952690, 867.77581734647447, 881.44174945886402, 890.42839530100059, 891.68945755582274, 
13600,58.31085342618366, 59.27454674826190, 65.22043724428788, 73.10871336106673, 86.88674465072425, 107.59692919818598, 140.61582685789179, 192.90707974368445, 274.70404312428110, 391.39352249642650, 521.36246235410590, 633.65646994549775, 718.00507227438550, 777.88519313063739, 819.14820834652483, 848.34399010218851, 867.77581727622544, 881.44174936047182, 890.42839520238601, 891.68945748857288, 
13700,58.31085349796725, 59.27454679878537, 65.22043714850122, 73.10871327860481, 86.88674470491128, 107.59692929928788, 140.61582687391027, 192.90707965758418, 274.70404301990663, 391.39352245589657, 521.36246238845843, 633.65647002623746, 718.00507236681028, 777.88519320338639, 819.14820837839068, 848.34399008215109, 867.77581721643287, 881.44174927359086, 890.42839511257171, 891.68945742542633, 
13800,58.31085355326650, 59.27454685252877, 65.22043706735215, 73.10871320087266, 86.88674474909431, 107.59692939102500, 140.61582689299530, 192.90707958340715, 274.70404292487672, 391.39352241525830, 521.36246241515050, 633.65647009644579, 718.00507245000176, 777.88519327114921, 819.14820841090886, 848.34399006825242, 867.77581716582620, 881.44174919709167, 890.42839503099458, 891.68945736639523, 
13900,58.31085359458071, 59.27454690817604, 65.22043699902984, 73.10871312794654, 86.88674478465774, 107.59692947404682, 140.61582691430564, 192.90707951978200, 274.70404283858903, 391.39352237505227, 521.36246243533026, 633.65647015727245, 718.00507252469072, 777.88519333402803, 819.14820844353460, 848.34399005947273, 867.77581712326469, 881.44174912993390, 890.42839495709688, 891.68945731143526, 
14000,58.31085362410523, 59.27454696464465, 65.22043694191234, 73.10871305982332, 86.88674481282180, 107.59692954898517, 140.61582693713419, 192.90707946546920, 274.70404276044638, 391.39352233571066, 521.36246245000928, 633.65647020976701, 718.00507259157769, 777.88519339216998, 819.14820847583007, 848.34399005492980, 867.77581708772857, 881.44174907115871, 890.42839489032872, 891.68945726045490, 
14100,58.31085364375519, 59.27454702105031, 65.22043689455062, 73.10871299644245, 86.88674483466784, 107.59692961645554, 140.61582696089454, 192.90707941935213, 274.70404268986408, 391.39352229756832, 521.36246246006965, 633.65647025487942, 718.00507265132308, 777.88519344575172, 819.14820850744513, 848.34399005385683, 867.77581705830391, 881.44174901988652, 890.42839483015780, 891.68945721333387, 
14200,58.31085365520330, 59.27454707668441, 65.22043685565137, 73.10871293769063, 86.88674485114521, 107.59692967704579, 140.61582698509886, 192.90707938042462, 274.70404262627517, 391.39352226088079, 521.36246246628082, 633.65647029346701, 718.00507270455284, 777.88519349497506, 819.14820853810875, 848.34399005559112, 867.77581703417934, 881.44174897531468, 890.42839477607151, 891.68945716992528, 
14300,58.31085365989788, 59.27454713098319, 65.22043682406482, 73.10871288341971, 86.88674486308828, 107.59692973132113, 140.61582700935287, 192.90707934778715, 274.70404256913190, 391.39352222583409, 521.36246246931262, 633.65647032630557, 718.00507275185191, 777.88519354005541, 819.14820856761071, 848.34399005956402, 867.77581701463009, 881.44174893670743, 890.42839472757635, 891.68945713006087, 
14400,58.31085365909446, 59.27454718351166, 65.22043679877301, 73.10871283345288, 86.88674487122634, 107.59692977981427, 140.61582703333477, 192.90707932063128, 274.70404251791064, 391.39352219255767, 521.36246246974645, 633.65647035409540, 718.00507279377155, 777.88519358122562, 819.14820859580118, 848.34399006528884, 867.77581699901725, 881.44174890340093, 890.42839468420675, 891.68945709356205, 
14500,58.31085365387381, 59.27454723394195, 65.22043677887348, 73.10871278759147, 86.88674487619728, 107.59692982303125, 140.61582705679106, 192.90707929823958, 274.70404247211587, 391.39352216113400, 521.36246246808162, 633.65647037746328, 718.00507283082140, 777.88519361871749, 819.14820862257352, 848.34399007235129, 867.77581698677250, 881.44174887478539, 890.42839464551730, 891.68945706023976, 
14600,58.31085364516282, 59.27454728203695, 65.22043676357174, 73.10871274562417, 86.88674487855268, 107.59692986144479, 140.61582707952337, 192.90707927996999, 274.70404243127621, 391.39352213160385, 521.36246246474798, 633.65647039697012, 718.00507286347431, 777.88519365276784, 819.14820864786270, 848.34399008040157, 867.77581697739981, 881.44174885031862, 890.42839461109531, 891.68945702990425, 
14700,58.31085363375188, 59.27454732763433, 65.22043675216842, 73.10871270732967, 86.88674487877198, 107.59692989549875, 140.61582710138185, 192.90707926525477, 274.70404239495201, 391.39352210397783, 521.36246246011433, 633.65647041311854, 718.00507289216864, 777.88519368361040, 819.14820867163132, 848.34399008914193, 867.77581697045787, 881.44174882950369, 890.42839458054937, 891.68945700236122, 
14800,58.31085362031298, 59.27454737063705, 65.22043674405074, 73.10871267248407, 86.88674487726831, 107.59692992560485, 140.61582712225638, 192.90707925359015, 274.70404236272748, 391.39352207823777, 521.36246245449058, 633.65647042635476, 718.00507291730776, 777.88519371147470, 819.14820869387358, 848.34399009832953, 867.77581696556342, 881.44174881189736, 890.42839455351725, 891.68945697742083, 
14900,58.31085360541358, 59.27454741099925, 65.22043673868352, 73.10871264086194, 86.88674487439620, 107.59692995214699, 140.61582714207134, 192.90707924453099, 274.70404233421783, 391.39352205434727, 521.36246244814436, 633.65647043707679, 718.00507293926171, 777.88519373658335, 819.14820871459892, 848.34399010775633, 867.77581696237939, 881.44174879709999, 890.42839452965984, 891.68945695489515, 
15000,58.31085358952888, 59.27454744871850, 65.22043673559952, 73.10871261224115, 86.88674487045903, 107.59692997547830, 140.61582716077888, 192.90707923768699, 274.70404230906547, 391.39352203225189, 521.36246244129666, 633.65647044563718, 718.00507295836906, 777.88519375915143, 819.14820873383962, 848.34399011725816, 867.77581696061645, 881.44174878475474, 890.42839450866586, 891.68945693460250, 
15100,58.31085357305343, 59.27454748382535, 65.22043673439342, 73.10871258640329, 86.88674486571493, 107.59692999592590, 140.61582717835620, 192.90707923271506, 274.70404228693928, 391.39352201188535, 521.36246243413279, 633.65647045234664, 718.00507297494062, 777.88519377938599, 819.14820875163730, 848.34399012669496, 867.77581696001732, 881.44174877454179, 890.42839449024609, 891.68945691636873, 
15200,58.31085355631326, 59.27454751637942, 65.22043673471582, 73.10871256313803, 86.88674486038124, 107.59693001378830, 140.61582719479625, 192.90707922931293, 274.70404226753197, 391.39352199317136, 521.36246242680465, 633.65647045747869, 718.00507298925595, 777.88519379748027, 819.14820876804572, 848.34399013596340, 867.77581696036657, 881.44174876617876, 890.42839447413553, 891.68945690002613, 
15300,58.31085353957491, 59.27454754646054, 65.22043673626429, 73.10871254224216, 86.88674485464064, 107.59693002934029, 140.61582721011106, 192.90707922721950, 274.70404225056416, 391.39352197602818, 521.36246241944013, 633.65647046127549, 718.00507300157119, 777.88519381361857, 819.14820878312264, 848.34399014497251, 867.77581696146922, 881.44174875940871, 890.42839446009100, 891.68945688541714, 
15400,58.31085352305179, 59.27454757416461, 65.22043673878090, 73.10871252352256, 86.88674484864715, 107.59693004283314, 140.61582722432334, 192.90707922620584, 274.70404223577691, 391.39352196036947, 521.36246241213917, 633.65647046394827, 718.00507301211860, 777.88519382797642, 819.14820879693684, 848.34399015365921, 867.77581696317020, 881.44174875401075, 890.42839444788865, 891.68945687238784, 
15500,58.31085350691459, 59.27454759960065, 65.22043674204474, 73.10871250679418, 86.88674484252518, 107.59693005449391, 140.61582723746591, 192.90707922607626, 274.70404222293666, 391.39352194610717, 521.36246240498383, 633.65647046568267, 718.00507302110759, 777.88519384071651, 819.14820880955540, 848.34399016197540, 867.77581696532798, 881.44174874978569, 890.42839443732794, 891.68945686080008, 
15600,58.31085349129352, 59.27454762288302, 65.22043674586901, 73.10871249188578, 86.88674483637990, 107.59693006453071, 140.61582724957816, 192.90707922665894, 274.70404221182764, 391.39352193315096, 521.36246239803563, 633.65647046663628, 718.00507302872506, 777.88519385198970, 819.14820882105084, 848.34399016988698, 867.77581696782886, 881.44174874656255, 890.42839442822458, 891.68945685052188, 
15700,58.31085347628934, 59.27454764413346, 65.22043675009425, 73.10871247863136, 86.88674483029267, 107.59693007313075, 140.61582726070588, 192.90707922780848, 274.70404220225601, 391.39352192141405, 521.36246239134539, 633.65647046695165, 718.00507303514132, 777.88519386193695, 819.14820883149275, 848.34399017737053, 867.77581697056974, 881.44174874418241, 890.42839442040952, 891.68945684142841, 
15800,58.31085346197322, 59.27454766347513, 65.22043675458912, 73.10871246687985, 86.88674482433119, 107.59693008046375, 140.61582727089890, 192.90707922939998, 274.70404219404440, 391.39352191080826, 521.36246238494778, 633.65647046674769, 718.00507304050802, 777.88519387069039, 819.14820884095491, 848.34399018441411, 867.77581697347227, 881.44174874251462, 890.42839441373314, 891.68945683340633, 
15900,58.31085344839504, 59.27454768103225, 65.22043675924429, 73.10871245648971, 86.88674481854774, 107.59693008668256, 140.61582728020710, 192.90707923132584, 274.70404218703277, 391.39352190124941, 521.36246237886758, 633.65647046612833, 718.00507304496091, 777.88519387836993, 819.14820884950541, 848.34399019101340, 867.77581697646735, 881.44174874144312, 890.42839440806074, 891.68945682635058, 
16000,58.31085343558559, 59.27454769692754, 65.22043676396791, 73.10871244732833, 86.88674481298101, 107.59693009192412, 140.61582728868473, 192.90707923349791, 274.70404218107853, 391.39352189265639, 521.36246237312116, 633.65647046518359, 718.00507304862163, 777.88519388508598, 819.14820885721269, 848.34399019716921, 867.77581697949813, 881.44174874086343, 890.42839440326748, 891.68945682016238, 
16100,58.31085342355814, 59.27454771127998, 65.22043676868626, 73.10871243927394, 86.88674480766052, 107.59693009631219, 140.61582729638494, 192.90707923583938, 274.70404217605187, 391.39352188495218, 521.36246236771774, 633.65647046398749, 718.00507305159601, 777.88519389094074, 819.14820886414270, 848.34399020289118, 867.77581698251868, 881.44174874068756, 890.42839439924330, 891.68945681475145, 
16200,58.31085341231494, 59.27454772420738, 65.22043677334040, 73.10871243221455, 86.88674480260623, 107.59693009995581, 140.61582730335957, 192.90707923828757, 274.70404217183585, 391.39352187806088, 521.36246236265890, 633.65647046260517, 718.00507305398060, 777.88519389602595, 819.14820887035705, 848.34399020818887, 867.77581698549284, 881.44174874084001, 890.42839439589306, 891.68945681003845, 
16300,58.31085340184784, 59.27454773582129, 65.22043677788318, 73.10871242604593, 86.88674479783083, 107.59693010295402, 140.61582730966128, 192.90707924079030, 274.70404216832708, 391.39352187191264, 521.36246235794238, 633.65647046108938, 718.00507305585882, 777.88519390042711, 819.14820887591588, 848.34399021307706, 867.77581698839037, 881.44174874125338, 890.42839439312581, 891.68945680594595, 
16400,58.31085339213899, 59.27454774622794, 65.22043678227769, 73.10871242067498, 86.88674479334222, 107.59693010539398, 140.61582731534048, 192.90707924330511, 274.70404216543267, 391.39352186644226, 521.36246235356134, 633.65647045948640, 718.00507305730594, 777.88519390422016, 819.14820888087604, 848.34399021757315, 867.77581699118980, 881.44174874187320, 890.42839439086436, 891.68945680240483, 
16500,58.31085338316576, 59.27454775552975, 65.22043678649652, 73.10871241601372, 86.88674478914066, 107.59693010735262, 140.61582732044494, 192.90707924579687, 274.70404216306997, 391.39352186158737, 521.36246234950795, 633.65647045783385, 718.00507305838721, 777.88519390747638, 819.14820888529005, 848.34399022169714, 867.77581699387633, 881.44174874265184, 890.42839438903923, 891.68945679935553, 
16600,58.31085337489925, 59.27454776382253, 65.22043679052010, 73.10871241198465, 86.88674478522455, 107.59693010889889, 140.61582732502140, 192.90707924823872, 274.70404216116623, 391.39352185729058, 521.36246234576981, 633.65647045616208, 718.00507305915971, 777.88519391025716, 819.14820888920713, 848.34399022546609, 867.77581699643417, 881.44174874354519, 890.42839438758824, 891.68945679673948, 
16700,58.31085336730830, 59.27454777119599, 65.22043679433482, 73.10871240851641, 86.88674478158917, 107.59693011009341, 140.61582732911469, 192.90707925060886, 274.70404215965578, 391.39352185349776, 521.36246234233249, 633.65647045449623, 718.00507305967369, 777.88519391261900, 819.14820889267412, 848.34399022890250, 867.77581699885729, 881.44174874452290, 890.42839438645683, 891.68945679450519, 
16800,58.31085336035849, 59.27454777773554, 65.22043679793295, 73.10871240554393, 86.88674477822561, 107.59693011098878, 140.61582733276575, 192.90707925289118, 274.70404215848197, 391.39352185016003, 521.36246233918280, 633.65647045285664, 718.00507305997291, 777.88519391461432, 819.14820889573457, 848.34399023202627, 867.77581700114115, 881.44174874555370, 890.42839438559849, 891.68945679260810, 
16900,58.31085335401350, 59.27454778351900, 65.22043680130977, 73.10871240300904, 86.88674477512468, 107.59693011163247, 140.61582733601367, 192.90707925507303, 274.70404215759407, 391.39352184723128, 521.36246233630470, 633.65647045125957, 718.00507306009558, 777.88519391628904, 819.14820889842940, 848.34399023485923, 867.77581700328233, 881.44174874661542, 890.42839438497049, 891.68945679100727, 
17000,58.31085334823788, 59.27454778861989, 65.22043680446542, 73.10871240085773, 86.88674477227367, 107.59693011206494, 140.61582733889611, 192.90707925714639, 274.70404215694788, 391.39352184466924, 521.36246233368183, 633.65647044971695, 718.00507306007455, 777.88519391768352, 819.14820890079318, 848.34399023742117, 867.77581700528276, 881.44174874768839, 890.42839438453711, 891.68945678966554, 
17100,58.31085334299363, 59.27454779310575, 65.22043680740271, 73.10871239904482, 86.88674476966195, 107.59693011232190, 140.61582734144713, 192.90707925910596, 274.70404215650450, 391.39352184243495, 521.36246233129725, 633.65647044823629, 718.00507305993665, 777.88519391883381, 819.14820890286148, 848.34399023973151, 867.77581700714268, 881.44174874875500, 890.42839438426302, 891.68945678854720, 
17200,58.31085333824531, 59.27454779703905, 65.22043681012646, 73.10871239752643, 86.88674476727617, 107.59693011243385, 140.61582734369813, 192.90707926094822, 274.70404215622972, 391.39352184049432, 521.36246232913732, 633.65647044682783, 718.00507305970928, 777.88519391977502, 819.14820890466581, 848.34399024181084, 867.77581700886731, 881.44174874980536, 890.42839438412386, 891.68945678762611, 
17300,58.31085333395674, 59.27454780047665, 65.22043681264329, 73.10871239626506, 86.88674476510245, 107.59693011242783, 140.61582734567918, 192.90707926267345, 274.70404215609574, 391.39352183881499, 521.36246232718554, 633.65647044549507, 718.00507305941210, 777.88519392053558, 819.14820890623412, 848.34399024367747, 867.77581701045960, 881.44174875082706, 890.42839438409237, 891.68945678687408, 
17400,58.31085333009343, 59.27454780347112, 65.22043681496140, 73.10871239522693, 86.88674476312727, 107.59693011232720, 140.61582734741725, 192.90707926428104, 274.70404215607545, 391.39352183736679, 521.36246232542499, 633.65647044423724, 718.00507305906012, 777.88519392113847, 819.14820890759154, 848.34399024534855, 867.77581701192616, 881.44174875181557, 890.42839438415274, 891.68945678627028, 
17500,58.31085332662199, 59.27454780607038, 65.22043681708953, 73.10871239438147, 86.88674476133772, 107.59693011215094, 140.61582734893670, 192.90707926577412, 274.70404215614769, 391.39352183612368, 521.36246232384201, 633.65647044305797, 718.00507305866984, 777.88519392160708, 819.14820890876138, 848.34399024683955, 867.77581701327188, 881.44174875276144, 890.42839438428189, 891.68945678579109, 
17600,58.31085332351076, 59.27454780831833, 65.22043681903746, 73.10871239370171, 86.88674475971972, 107.59693011191665, 140.61582735026218, 192.90707926715589, 274.70404215629304, 391.39352183506168, 521.36246232242161, 633.65647044195725, 718.00507305825477, 777.88519392196372, 819.14820890976659, 848.34399024816821, 867.77581701450208, 881.44174875366184, 890.42839438446583, 891.68945678541843, 
17700,58.31085332072925, 59.27454781025398, 65.22043682081556, 73.10871239316543, 86.88674475826166, 107.59693011163846, 140.61582735141317, 192.90707926842981, 274.70404215649529, 391.39352183415798, 521.36246232115025, 633.65647044093305, 718.00507305782287, 777.88519392222292, 819.14820891062459, 848.34399024934760, 867.77581701562485, 881.44174875451506, 890.42839438469252, 891.68945678513717, 
17800,58.31085331824966, 59.27454781191411, 65.22043682243408, 73.10871239275016, 86.88674475695062, 107.59693011132855, 140.61582735240938, 192.90707926960096, 274.70404215674068, 391.39352183339469, 521.36246232001542, 633.65647043998320, 718.00507305738415, 777.88519392240244, 819.14820891135503, 848.34399025039272, 867.77581701664519, 881.44174875531678, 890.42839438494855, 891.68945678493174, 
17900,58.31085331604341, 59.27454781333049, 65.22043682390310, 73.10871239243855, 86.88674475577450, 107.59693011099682, 140.61582735326837, 192.90707927067430, 274.70404215701888, 391.39352183275446, 521.36246231900589, 633.65647043910633, 718.00507305694634, 777.88519392251419, 819.14820891197121, 848.34399025131472, 867.77581701757242, 881.44174875606950, 890.42839438522628, 891.68945678479065, 
18000,58.31085331408716, 59.27454781453243, 65.22043682523322, 73.10871239221360, 86.88674475472193, 107.59693011065164, 140.61582735400532, 192.90707927165474, 274.70404215731821, 391.39352183222030, 521.36246231810901, 633.65647043829961, 718.00507305651286, 777.88519392257001, 819.14820891248871, 848.34399025212826, 867.77581701841098, 881.44174875677220, 890.42839438551914, 891.68945678470527, 
18100,58.31085331235618, 59.27454781554646, 65.22043682643393, 73.10871239206261, 86.88674475378355, 107.59693011030082, 140.61582735463523, 192.90707927254874, 274.70404215763205, 391.39352183177903, 521.36246231731491, 633.65647043755962, 718.00507305609119, 777.88519392258229, 819.14820891292186, 848.34399025284313, 867.77581701916745, 881.44174875742533, 890.42839438581780, 891.68945678466253, 
18200,58.31085331083007, 59.27454781639664, 65.22043682751591, 73.10871239197139, 86.88674475294772, 107.59693010994913, 140.61582735516981, 192.90707927336041, 274.70404215795310, 391.39352183141887, 521.36246231661471, 633.65647043688296, 718.00507305568249, 777.88519392255671, 819.14820891327906, 848.34399025346977, 867.77581701985002, 881.44174875803094, 890.42839438612009, 891.68945678465741, 
18300,58.31085330948711, 59.27454781710340, 65.22043682848791, 73.10871239193105, 86.88674475220613, 107.59693010960190, 140.61582735562249, 192.90707927409653, 274.70404215827568, 391.39352183112794, 521.36246231599728, 633.65647043626495, 718.00507305528981, 777.88519392250180, 819.14820891357101, 848.34399025401524, 867.77581702046211, 881.44174875858960, 890.42839438641977, 891.68945678468151, 
18400,58.31085330830899, 59.27454781768528, 65.22043682935842, 73.10871239193179, 86.88674475154998, 107.59693010926209, 140.61582735600149, 192.90707927476200, 274.70404215859594, 391.39352183089676, 521.36246231545590, 633.65647043570368, 718.00507305491578, 777.88519392242529, 819.14820891380759, 848.34399025449000, 867.77581702101043, 881.44174875910483, 890.42839438671399, 891.68945678472858, 
18455,58.31085329895311, 59.27454781553693, 65.22043683963980, 73.10871239842666, 86.88674474521785, 107.59693010023149, 140.61582735593305, 192.90707928363474, 274.70404216782225, 391.39352183336086, 521.36246231104690, 633.65647042757780, 718.00507304645851, 777.88519391645150, 819.14820891204010, 848.34399025756193, 867.77581702744305, 881.44174876756404, 890.42839439471300, 891.68945678985051, 
